1000
96 39
80 71
82 79
88 21
67 58
70 90
28 6
23 69
84 3
68 23
5 79
24 28
97 1
69 43
89 83
43 63
42 12
43 100
42 14
35 3
83 12
88 67
49 85
12 68
9 98
95 86
40 65
77 54
39 16
83 16
29 32
20 35
27 35
90 29
96 10
25 82
81 89
65 4
91 67
46 93
54 27
46 86
73 83
16 68
2 28
55 15
6 62
99 20
3 94
10 48
85 38
2 21
51 79
38 67
41 24
26 12
70 45
46 10
25 71
0 65
95 68
70 27
56 31
52 91
38 95
17 66
12 50
67 13
99 83
18 55
97 16
52 21
31 43
27 72
47 42
42 52
54 8
15 56
87 46
29 42
47 47
4 37
52 39
33 59
79 78
41 46
85 97
46 24
36 79
12 83
81 79
88 45
20 74
85 25
51 68
63 27
89 97
20 32
89 96
31 13
75 93
58 22
43 5
87 32
20 51
33 35
4 65
21 81
68 82
23 7
64 96
48 95
47 62
86 93
4 58
45 5
84 71
87 4
70 95
24 13
0 24
10 14
65 25
20 70
82 92
52 88
46 77
96 14
61 59
14 63
65 0
3 2
76 70
8 42
83 20
93 89
41 17
66 85
68 4
50 26
41 59
10 92
19 37
72 33
97 94
76 73
70 65
94 8
36 37
22 13
36 65
28 69
39 12
43 34
72 30
15 51
0 42
26 2
18 100
11 4
62 47
37 8
16 43
12 79
37 56
43 24
81 53
99 79
62 5
82 5
50 2
88 6
91 29
10 81
65 1
32 19
51 50
55 58
96 44
69 74
11 35
12 19
66 21
27 82
30 60
16 27
69 11
66 36
65 0
89 15
51 19
99 68
52 29
61 60
28 76
17 32
41 28
10 26
38 1
7 46
51 7
55 20
80 1
62 27
59 9
47 6
23 12
99 3
38 46
87 63
57 84
38 79
7 98
56 26
10 34
7 37
37 24
13 35
55 15
43 25
70 67
27 20
2 15
25 94
49 58
46 63
2 31
99 18
58 72
68 9
25 28
52 3
94 0
69 40
81 13
9 8
14 35
2 86
12 56
74 100
37 31
84 21
28 39
22 35
50 1
90 86
89 8
25 94
7 42
17 31
65 38
17 3
3 64
51 6
3 93
100 42
62 15
65 12
96 35
1 51
98 23
26 56
88 24
82 75
58 88
76 23
1 32
39 45
63 39
37 98
39 11
50 94
90 57
34 91
64 21
81 53
91 35
81 14
96 24
95 50
57 46
91 90
40 16
11 55
75 17
84 29
63 69
66 19
17 72
3 17
94 1
81 58
31 80
17 72
35 13
88 14
57 58
60 51
60 10
8 52
4 24
40 49
79 31
86 93
57 70
71 44
100 39
73 92
94 43
77 67
5 0
68 64
49 2
6 48
47 57
15 94
58 100
37 62
55 94
54 80
58 96
53 1
61 98
100 74
66 90
81 56
13 10
46 66
71 29
20 90
49 82
23 6
96 31
56 34
43 68
95 24
3 13
36 6
8 91
40 83
74 57
36 25
65 41
69 75
60 58
95 95
99 44
14 68
9 100
64 53
15 30
14 63
90 44
54 94
65 53
19 2
80 86
60 11
44 3
81 91
43 10
56 27
74 72
39 60
33 66
49 11
13 85
9 50
27 3
49 6
23 26
54 84
53 65
51 39
20 38
51 99
8 41
75 17
17 39
23 79
87 11
20 75
25 37
72 94
26 36
86 95
48 7
60 27
52 7
47 40
33 20
38 48
74 52
21 69
45 18
43 91
90 10
43 23
41 72
70 26
30 48
94 82
8 65
39 83
67 38
21 14
53 32
30 64
70 94
74 7
3 65
0 23
58 25
23 11
15 21
87 24
89 15
100 80
77 24
96 66
21 83
63 49
11 9
77 79
41 98
78 63
28 50
2 24
3 53
98 45
35 32
2 51
12 90
33 94
60 23
56 80
61 99
50 7
10 77
37 94
77 26
8 28
14 45
25 100
68 88
20 67
52 49
27 96
71 61
21 80
79 50
47 31
30 96
26 41
14 81
8 93
32 93
75 68
42 63
35 6
1 17
14 6
55 29
96 70
73 16
2 13
18 55
97 24
99 70
36 16
10 58
4 49
95 87
55 66
79 28
26 45
2 12
72 98
49 66
14 5
90 26
58 87
10 29
17 32
95 32
61 84
33 56
59 30
44 70
44 76
93 17
22 49
29 76
0 78
89 13
36 14
44 86
83 53
34 87
78 10
48 45
75 42
14 26
75 75
4 54
79 78
94 62
93 9
50 13
18 87
2 83
6 63
12 15
20 67
17 11
82 39
42 71
64 47
51 71
27 32
29 62
91 97
26 41
38 92
40 39
7 20
49 11
83 3
20 33
62 76
93 73
71 60
97 84
13 38
86 28
6 37
21 56
74 47
7 73
15 43
10 99
18 61
45 92
54 80
96 79
44 25
82 18
63 6
47 19
45 48
58 38
20 71
21 100
27 85
74 6
78 46
11 46
89 46
12 39
48 18
60 19
46 70
66 74
71 99
60 98
26 45
70 1
69 58
9 33
21 67
71 31
86 36
65 17
87 95
80 69
40 83
57 71
29 90
3 14
75 18
59 9
4 58
42 56
43 69
51 31
91 23
90 38
11 10
30 88
42 45
40 86
67 1
87 69
0 79
49 18
97 13
98 86
54 49
14 52
45 52
31 17
46 7
21 99
74 62
95 8
64 46
11 64
7 45
76 39
62 7
15 31
55 45
83 97
77 52
26 13
9 52
44 74
96 53
7 51
8 45
40 30
49 68
76 61
6 73
89 17
34 46
96 55
97 88
91 63
56 15
68 38
17 8
82 33
2 56
95 50
97 32
51 31
2 56
25 54
93 0
63 18
27 9
54 20
62 99
96 59
93 27
82 51
10 0
42 67
55 98
62 47
82 80
27 62
18 48
38 26
71 34
32 48
64 89
73 80
49 13
88 84
55 49
43 56
89 16
19 63
47 27
31 42
36 26
42 27
63 49
44 72
96 1
17 100
44 68
14 72
4 99
88 55
73 15
66 44
27 55
20 8
8 42
57 62
49 61
70 25
77 34
66 33
45 12
27 44
98 8
6 43
89 67
39 93
24 81
49 19
83 29
49 57
95 13
75 47
59 13
17 69
72 86
33 74
81 41
55 67
72 51
45 62
78 8
70 10
40 18
95 62
22 4
17 11
68 31
25 69
7 22
16 46
64 74
29 60
11 27
39 75
34 45
56 64
4 73
49 47
98 66
9 100
14 18
90 5
96 75
82 15
41 29
95 31
33 62
29 75
88 46
3 76
50 36
56 75
38 61
55 28
90 83
51 35
7 73
10 62
10 11
16 15
52 72
17 6
58 87
0 62
0 98
32 61
10 85
5 9
40 39
55 53
9 9
38 48
16 32
57 50
11 31
27 11
22 27
23 17
12 88
86 29
65 41
15 87
20 16
29 93
36 8
51 73
77 14
74 68
55 5
95 60
41 78
29 20
63 53
34 45
26 67
26 18
2 3
1 14
59 59
58 33
96 82
92 23
15 5
35 39
24 34
8 94
19 6
84 49
98 59
71 49
54 13
8 69
61 53
3 89
18 6
39 63
78 35
4 61
9 96
15 62
76 97
100 49
62 76
3 12
51 22
28 30
93 79
21 51
65 60
86 43
97 19
54 92
28 46
68 4
83 16
27 28
36 48
34 32
84 31
90 34
5 9
77 9
10 8
27 0
45 51
8 10
43 58
29 11
74 51
3 95
35 59
3 51
92 83
20 0
33 45
85 64
59 99
2 49
79 35
3 38
35 72
4 96
81 55
55 80
66 67
41 91
18 40
15 51
12 62
42 60
25 2
91 20
33 90
4 20
21 37
24 19
48 94
55 33
58 16
78 95
29 64
75 41
67 51
12 97
9 52
68 75
72 31
58 2
25 69
42 33
59 15
96 99
32 56
57 5
8 81
92 6
69 41
27 45
79 19
55 25
3 88
34 66
9 1
1 67
41 72
41 99
22 26
37 57
29 5
60 66
14 37
59 28
15 77
9 27
65 60
44 29
5 41
43 65
20 50
70 80
34 55
34 98
28 76
68 62
27 82
46 53
7 7
64 81
37 62
37 9
34 96
25 21
30 58
25 33
2 19
56 87
5 2
9 83
97 84
50 18
9 80
35 26
13 63
63 64
21 69
5 21
18 78
64 39
6 8
4 82
23 22
66 70
86 38
64 98
9 82
10 94
91 89
10 68
84 34
44 52
75 2
41 41
69 59
61 100
89 4
78 23
91 33
57 63
84 7
3 67
68 86
73 14
78 96
66 67
10 11
91 74
4 23
69 60
42 97
11 51
88 79
69 9
3 75
76 35
28 15
96 31
79 42
7 73
35 85
58 45
20 98
97 56
28 50
10 72
95 83
63 58
87 58
48 26
20 4
16 17
84 96
23 16
67 50
39 32
42 40
36 62
61 28
71 81
2 63
10 15
81 67
26 20
32 100
9