2000
81 70
100 3
39 0
11 30
15 12
67 8
18 27
0 89
40 55
59 37
95 63
99 44
59 20
21 96
70 21
90 2
64 38
32 49
11 31
96 56
27 2
59 71
42 55
66 18
51 35
43 38
1 90
45 85
63 87
16 41
19 88
97 50
55 45
21 74
62 91
48 39
0 90
59 50
40 37
69 13
47 27
19 67
86 10
60 43
98 57
22 8
22 73
44 77
43 46
44 49
86 42
0 82
99 32
31 97
17 50
70 20
59 39
85 20
75 46
63 98
84 38
88 98
52 82
49 35
44 13
81 15
18 96
61 91
83 47
68 86
0 86
1 55
67 81
56 21
7 39
7 15
66 52
2 100
42 41
37 61
25 51
56 45
50 25
23 63
100 20
31 82
94 18
40 96
39 43
42 52
99 43
13 35
58 42
51 64
55 73
5 36
98 0
87 83
66 3
50 16
35 71
92 68
50 35
87 82
87 24
13 92
37 56
34 2
0 84
59 12
24 51
13 41
42 14
41 99
84 15
71 52
36 80
57 30
77 72
34 9
3 6
52 5
87 96
45 75
14 9
23 95
35 51
14 11
19 49
36 95
94 9
68 3
47 81
60 27
35 23
29 90
38 16
49 16
99 4
8 55
0 73
77 85
7 62
13 88
62 2
53 44
68 22
86 63
60 20
55 2
73 18
17 28
26 92
9 83
11 16
22 38
0 77
92 60
98 34
78 9
35 50
19 100
93 26
1 97
53 71
32 77
23 98
27 92
0 79
78 88
5 96
75 75
56 71
39 52
13 40
20 66
64 5
44 51
42 12
3 90
72 67
43 20
34 90
79 77
14 7
33 7
23 95
47 70
23 99
50 60
70 34
97 33
29 81
71 44
33 97
75 37
89 32
22 81
96 6
5 36
2 54
36 87
46 3
35 71
27 30
91 45
50 19
19 76
69 37
59 85
50 86
42 98
53 44
9 20
33 4
22 45
6 34
85 81
65 45
100 40
77 42
34 90
66 64
28 31
33 15
42 70
4 55
78 61
83 8
19 15
87 32
91 53
55 96
73 43
21 10
92 10
23 46
83 6
43 17
48 43
44 40
35 63
36 85
76 0
87 76
71 6
0 8
95 99
78 84
3 97
51 19
100 67
59 88
32 29
47 14
25 57
62 71
62 94
64 62
88 68
38 31
95 42
50 55
48 71
16 69
26 89
88 26
58 80
32 95
20 22
46 80
9 79
15 90
93 18
51 43
61 29
37 50
28 68
97 48
83 0
96 56
47 25
4 46
83 4
36 82
29 68
85 84
60 11
93 84
33 50
43 24
55 35
65 16
56 53
81 3
39 76
10 14
44 40
40 5
65 59
16 79
66 80
19 48
93 17
8 1
79 3
57 59
8 72
2 81
30 93
19 0
54 28
19 88
3 1
58 42
95 74
27 48
14 37
61 18
80 83
98 62
98 79
69 92
66 7
41 81
92 15
16 3
97 90
36 75
60 12
56 30
88 45
57 48
35 18
33 3
47 98
36 69
47 25
0 41
34 42
12 76
71 94
85 19
83 28
60 54
84 8
64 41
18 52
22 46
31 41
64 81
98 83
72 77
43 62
58 9
5 7
93 60
71 36
80 21
28 95
43 50
91 91
11 45
44 22
19 28
9 13
40 1
79 58
80 33
60 59
24 8
23 93
63 48
35 0
82 26
70 76
4 95
54 59
62 17
90 68
50 46
27 15
19 17
74 13
89 97
12 100
56 45
44 85
22 89
74 37
54 88
79 9
11 26
65 32
40 51
35 19
89 17
39 12
44 29
50 96
26 11
28 75
15 76
12 45
5 85
79 95
25 58
94 38
95 67
76 32
91 42
43 41
84 87
18 67
67 29
98 39
10 76
100 84
4 39
83 32
31 51
17 67
75 62
31 88
6 15
14 65
97 6
49 13
48 51
41 5
5 44
43 34
18 77
50 88
53 49
0 95
86 54
20 91
13 54
32 45
82 89
28 30
75 73
3 21
7 92
51 79
41 63
71 54
15 15
84 37
73 45
91 49
95 91
87 91
45 69
86 65
84 92
55 47
85 48
64 39
70 34
23 96
8 82
66 37
5 100
80 53
4 26
50 98
89 29
26 63
26 20
13 5
96 69
70 19
23 18
80 72
59 55
63 88
88 79
80 42
98 46
41 28
15 8
5 18
37 95
59 83
93 46
56 79
55 76
18 22
12 59
54 72
45 23
16 5
2 54
84 58
99 6
34 4
1 78
73 46
46 74
43 93
90 55
39 95
60 35
61 50
55 2
78 38
94 96
49 60
40 58
39 12
48 22
10 14
75 94
61 67
24 27
60 72
35 66
20 1
30 53
44 40
97 43
2 72
74 29
20 35
15 0
30 87
15 26
9 35
23 77
64 99
73 79
29 19
87 14
7 62
8 66
49 18
97 72
48 70
62 20
86 90
59 11
93 27
3 89
80 90
80 6
48 15
24 16
90 46
27 55
36 83
87 44
61 78
36 0
81 98
4 91
70 87
22 5
65 73
38 43
21 93
96 38
93 99
33 3
89 14
36 67
16 16
12 84
37 23
91 99
40 95
75 86
30 70
0 77
39 67
90 7
33 29
73 74
86 71
95 72
65 56
56 40
31 68
100 29
91 57
22 78
25 34
94 25
69 83
11 70
16 34
88 73
2 85
39 47
58 95
62 90
27 68
80 99
36 60
61 63
81 74
25 9
26 86
25 42
44 62
75 41
0 17
41 71
64 62
52 71
23 86
99 92
48 63
77 76
91 76
43 63
95 47
7 81
38 23
26 75
67 63
8 16
80 6
11 64
57 83
2 74
19 30
63 96
9 9
22 46
33 68
8 88
3 89
82 60
79 42
68 12
78 19
99 42
79 22
6 31
12 3
59 66
95 57
90 79
0 41
60 84
35 7
56 14
66 51
20 21
18 73
48 86
30 53
9 11
84 27
86 99
58 40
79 34
51 29
58 35
93 47
57 19
21 97
16 42
85 22
30 13
44 0
7 14
63 49
27 6
44 25
22 72
72 27
55 38
52 37
91 62
11 22
48 53
25 70
12 93
28 73
84 13
76 96
26 100
5 38
20 44
93 88
73 3
11 6
75 28
9 28
36 59
53 67
34 2
93 62
9 35
29 2
76 2
27 49
91 26
18 41
75 22
88 14
22 40
9 42
72 7
0 29
60 36
70 40
62 31
2 32
91 39
13 74
33 38
1 61
89 55
48 39
68 73
24 9
79 17
54 68
53 82
12 39
14 3
9 15
99 13
77 46
73 61
51 60
31 61
84 53
80 9
94 22
49 82
14 26
70 94
46 33
35 84
36 44
28 96
59 32
3 46
57 22
56 18
87 35
71 42
7 78
64 48
23 97
1 13
63 43
17 67
13 41
20 78
96 98
93 61
13 7
97 21
95 6
31 29
97 12
84 17
46 19
68 15
15 50
37 77
36 60
86 19
28 19
72 64
51 74
75 66
11 83
98 94
12 58
9 27
81 22
61 2
2 42
87 50
57 80
50 50
67 93
9 28
37 31
42 75
38 60
14 51
74 52
48 3
100 14
24 30
75 60
36 46
39 97
95 82
33 46
92 15
61 25
24 90
59 93
51 74
67 82
11 90
77 5
38 58
63 98
43 45
17 20
48 61
93 35
28 36
30 58
89 40
28 25
96 25
52 65
32 57
48 68
76 68
3 96
72 91
28 67
37 100
76 11
16 94
85 11
83 62
100 96
99 91
59 40
98 22
61 91
27 28
52 13
9 97
22 37
17 33
39 25
62 24
96 33
33 6
28 96
56 88
44 9
61 1
90 73
1 37
50 97
13 6
100 75
76 66
69 38
30 11
10 53
25 3
87 20
8 6
87 8
5 38
51 13
5 38
94 28
94 30
60 58
4 74
31 9
0 15
93 34
17 85
68 61
92 6
26 42
18 50
87 95
59 57
76 45
79 74
80 22
69 87
57 58
29 58
83 83
28 41
13 19
2 38
20 94
75 20
23 35
88 57
44 70
46 33
26 94
76 30
39 3
33 26
90 14
70 37
73 76
46 69
96 43
72 84
20 23
100 0
78 29
10 45
10 26
81 50
23 7
60 78
11 20
25 66
19 14
31 98
78 46
93 18
70 40
1 46
25 75
39 21
78 20
65 25
71 62
56 16
20 75
96 49
25 29
82 35
99 89
3 9
61 63
86 19
48 38
24 3
10 5
83 32
21 21
29 55
4 12
29 80
0 0
99 27
98 36
22 16
79 44
15 42
12 2
75 75
85 54
22 35
82 57
91 67
55 54
48 85
56 0
77 95
65 85
98 3
98 79
67 99
65 42
21 24
20 44
20 73
33 19
79 97
27 7
81 52
86 99
70 61
67 57
56 55
11 77
36 23
58 70
57 65
61 52
82 83
40 68
74 4
7 17
46 61
16 28
28 8
84 90
78 2
36 28
6 14
62 6
5 79
25 52
50 77
98 84
73 23
24 94
0 88
60 3
27 86
22 18
90 97
32 78
6 10
5 18
87 10
95 16
15 56
1 79
96 12
9 60
7 76
38 85
34 71
49 75
13 33
84 54
6 57
38 55
19 64
92 79
34 17
78 14
91 41
41 77
86 88
96 39
19 68
74 92
8 10
92 23
25 43
6 100
95 1
13 86
9 80
31 57
28 67
94 94
57 42
83 91
94 36
20 77
22 40
0 13
28 43
68 24
17 7
77 67
67 13
48 37
66 63
96 60
44 2
87 34
24 19
25 26
44 53
56 36
11 19
82 38
47 74
27 8
9 49
20 37
44 97
47 70
50 81
35 53
69 37
46 97
4 5
21 46
2 12
14 63
20 76
20 9
20 21
4 11
5 54
53 82
92 35
37 4
39 41
96 77
26 40
4 81
58 90
46 66
61 31
87 89
4 53
94 10
59 78
16 50
95 55
22 20
49 23
86 11
30 60
26 75
67 100
17 75
51 99
94 93
50 25
31 6
39 47
90 82
76 30
97 69
42 6
42 22
77 30
52 2
8 9
51 98
28 22
3 38
47 2
73 63
29 45
0 31
46 93
44 61
57 33
73 76
92 8
74 20
50 66
10 20
41 4
23 89
99 15
70 77
95 10
66 54
31 77
77 47
50 75
98 26
16 76
96 74
94 70
68 32
20 47
10 71
68 99
79 65
69 54
64 6
27 30
73 77
87 99
1 85
21 92
61 15
24 12
5 18
82 13
5 100
82 68
87 55
14 18
20 0
75 51
96 0
10 63
18 92
78 37
27 27
84 34
28 15
38 56
52 11
63 46
90 80
49 34
49 14
88 69
15 60
56 10
8 58
93 13
42 70
82 41
49 14
96 4
46 95
93 4
63 99
56 14
35 66
93 78
80 69
33 19
65 78
99 80
56 85
1 78
29 98
9 33
63 16
96 0
65 15
0 44
7 45
24 22
95 92
3 15
67 40
68 1
32 57
0 51
44 65
14 89
75 8
16 61
62 12
96 33
86 16
35 88
79 76
89 20
91 5
3 31
66 18
26 62
50 100
17 20
96 91
88 53
91 19
86 43
22 74
70 58
79 80
23 52
51 4
58 39
81 8
44 42
24 33
16 13
93 100
15 49
66 85
72 32
2 51
69 56
42 88
90 27
38 72
91 32
24 25
72 1
54 91
64 41
13 0
89 7
13 51
92 13
26 33
18 7
28 82
87 8
1 46
62 59
46 28
55 82
81 86
51 80
17 57
26 96
88 13
75 84
68 56
40 42
43 5
16 95
61 45
72 73
58 82
91 100
50 59
49 21
28 91
23 18
87 75
59 29
8 85
99 24
65 94
83 92
39 62
23 34
46 48
43 75
40 22
66 38
23 42
69 73
94 18
41 26
64 97
32 89
41 31
69 66
80 20
25 14
60 37
84 16
18 72
89 20
31 42
46 3
87 32
62 54
9 86
67 9
88 26
95 15
11 71
25 51
7 5
19 16
13 27
31 53
65 15
98 30
56 39
12 18
51 61
53 78
29 23
98 39
65 68
96 62
54 86
34 24
24 66
0 62
75 72
5 88
90 10
99 72
54 71
62 38
5 26
64 78
4 18
4 55
87 81
85 95
60 17
68 28
80 17
22 28
18 25
16 36
14 63
6 41
11 38
85 77
99 63
71 37
62 30
39 22
87 77
81 54
83 54
41 80
15 71
76 32
40 80
83 20
32 0
37 86
2 50
45 41
59 83
91 83
69 79
2 43
40 23
53 59
54 70
38 24
99 56
84 13
66 85
60 11
94 59
100 89
37 8
70 82
34 86
42 73
70 93
57 33
47 23
1 66
36 72
23 7
6 31
65 26
65 50
48 92
57 60
62 55
79 96
0 45
93 2
40 54
48 10
27 71
38 41
21 0
43 64
23 35
31 81
76 32
17 81
96 79
62 49
30 30
90 19
8 24
59 15
94 96
86 1
75 67
99 60
67 12
57 82
100 33
46 83
27 87
29 90
39 99
91 50
12 18
95 30
96 37
66 79
9 87
80 49
9 63
70 98
56 74
72 89
96 4
28 4
84 4
59 28
29 38
14 50
64 52
8 41
81 35
44 21
5 48
45 54
82 33
60 31
0 79
25 18
69 54
1 13
30 14
96 54
26 17
68 57
55 25
69 52
47 78
87 6
34 56
51 45
48 90
99 68
88 35
36 98
54 60
87 58
37 86
2 49
28 53
92 55
25 85
96 89
14 73
22 57
51 43
3 87
53 95
58 0
45 80
19 0
90 26
41 42
92 44
41 42
79 36
98 79
57 79
79 49
8 6
40 27
42 10
73 51
80 71
43 59
21 23
31 72
71 56
35 52
34 24
98 64
36 3
69 0
59 76
72 77
93 73
53 76
57 52
24 35
74 18
92 85
26 99
20 64
70 20
3 4
39 19
12 44
58 49
87 77
89 89
38 41
1 63
0 64
59 0
80 49
73 35
21 25
74 28
25 99
15 1
20 68
23 68
49 53
74 77
75 100
82 18
24 48
21 1
65 3
33 58
46 74
1 40
8 64
100 50
75 62
6 2
86 62
70 19
48 92
68 98
81 90
32 33
84 7
71 48
32 94
42 21
46 25
65 6
14 20
13 65
65 60
99 89
94 73
96 63
53 57
54 87
77 21
66 38
31 15
5 69
28 57
51 14
30 61
42 53
72 10
81 24
55 81
30 100
24 64
87 56
87 67
92 83
68 44
18 90
16 91
24 90
65 25
16 64
39 38
37 53
19 85
34 39
61 69
73 85
0 63
16 67
88 8
17 44
9 52
77 85
11 19
85 74
32 66
16 31
14 47
61 75
89 44
36 98
34 28
48 43
37 94
79 21
6 41
31 0
87 55
83 61
44 73
3 55
22 100
83 38
27 45
28 12
39 37
90 76
15 36
69 10
81 46
45 83
61 7
46 53
83 6
89 66
18 88
83 20
38 37
27 22
4 13
11 60
19 93
76 14
64 93
81 4
69 96
54 5
3 69
10 100
30 47
73 68
45 91
35 82
45 15
28 99
26 4
52 92
4 31
68 55
88 83
77 49
97 85
37 39
20 95
50 62
61 65
54 63
60 63
19 24
96 86
43 67
13 23
96 99
33 78
59 76
54 10
25 13
3 30
89 9
49 76
85 74
22 76
89 80
81 40
19 22
79 55
35 47
27 89
23 87
72 54
73 46
18 50
28 1
1 34
72 32
66 63
68 68
23 88
88 47
48 41
54 62
12 86
40 78
58 83
14 38
52 97
45 41
84 1
17 58
86 97
3 87
44 43
86 56
28 95
61 43
99 75
51 62
98 39
60 50
84 93
33 2
32 52
52 46
22 90
12 36
80 25
23 58
78 71
10 84
50 42
67 16
59 23
27 21
75 36
14 56
51 67
53 69
59 10
46 77
94 11
91 3
80 48
83 82
7 50
32 78
34 98
83 97
83 48
54 51
94 88
74 4
68 65
45 51
78 41
20 32
89 67
37 78
41 80
60 66
91 7
84 5
58 5
34 76
8 38
47 12
86 17
19 16
88 37
36 73
4 11
65 50
39 80
69 59
78 70
36 68
53 96
83 59
10 94
20 18
94 2
83 82
28 8
42 60
39 46
39 7
64 31
29 86
45 58
72 35
66 5
7 21
20 32
83 48
50 83
17 19
16 60
25 0
25 90
56 65
84 56
73 32
2 98
28 25
23 92
83 82
60 16
46 63
48 29
3 9
46 92
79 93
67 48
35 8
89 16
21 75
88 9
88 63
23 88
11 5
9 20
90 51
37 46
98 93
21 31
96 91
57 16
26 6
29 56
16 16
68 78
69 43
34 98
96 79
96 93
76 44
68 83
35 47
6 69
9 61
81 0
41 94
45 53
58 40
15 4
96 83
26 81
46 86
2 93
28 7
71 68
13 98
46 92
59 72
64 12
15 63
28 9
7 17
40 51
72 15
5 36
39 46
90 50
6 23
10 84
57 26
9 25
30 21
90 23
68 90
65 30
24 93
11 48
89 67
66 58
89 49
7 29
41 49
23 97
66 66
12 21
57 47
46 32
62 95
53 25
86 9
52 16
68 77
94 48
88 73
76 65
68 31
83 6
68 8
85 88
4 17
69 49
10 85
88 47
29 24
34 21
23 99
81 90
10 28
39 38
89 67
27 63
75 57
7 95
3 84
13 51
56 58
87 31
20 19
37 84
87 65
38 96
47 44
92 83
26 14
86 1
80 83
91 89
42 36
11 90
87 76
72 49
7 90
40 1
49 87
22 97
30 90
74 76
73 92
69 58
32 79
43 37
15 0
32 94
97 7
5 59
37 82
82 34
7 8
95 41
16 17
61 45
36 88
2 97
59 53
0 19
51 36
38 63
33 20
100 22
85 76
80 70
18 45
33 19
47 19
44 75
33 40
73 44
24 25
51 85
76 31
71 51
99 51
10 72
56 49
12 29
0 37
72 8
76 90
2 24
38 22
52 29
62 20
99 7
4 39
77 49
72 7
19 52
83 2
80 43
14 83
9 51
29