4000
885 671
704 122
254 71
615 183
890 446
748 268
683 551
552 599
681 570
614 847
658 1
16 927
646 605
115 165
287 402
545 24
354 621
998 465
137 723
762 351
682 150
100 16
753 768
44 854
47 862
344 224
232 965
2 47
959 382
615 902
571 561
354 82
803 681
724 808
910 979
862 332
315 628
596 145
602 668
913 494
52 195
824 883
830 738
252 144
480 869
818 394
375 951
353 220
584 893
848 364
172 610
628 354
234 783
514 955
215 711
859 993
564 792
34 848
955 446
9 325
826 804
196 576
824 569
922 780
199 587
136 400
213 100
216 363
135 137
723 38
95 40
337 219
208 304
290 382
883 153
904 475
694 85
478 467
761 813
194 844
239 522
497 605
705 683
684 997
974 545
728 357
280 191
938 637
392 343
749 2
443 38
999 198
779 304
594 464
933 461
287 600
165 839
317 391
543 767
839 561
238 659
980 903
690 398
86 346
352 112
967 3
7 364
404 769
383 847
687 509
940 878
882 873
215 262
260 564
834 325
20 881
198 744
879 258
231 505
313 619
772 196
67 276
666 686
773 412
427 366
941 721
53 912
360 403
683 46
719 931
439 716
872 592
783 6
561 938
909 629
250 669
656 451
861 999
203 987
143 226
653 390
174 842
278 392
878 479
744 174
561 823
21 472
481 586
533 146
882 619
665 927
431 843
428 928
108 92
467 371
351 265
667 116
872 835
203 785
75 793
526 288
91 54
372 336
776 734
978 885
702 803
251 768
983 316
443 495
91 91
77 618
790 457
854 399
103 100
817 772
592 615
966 700
255 700
210 132
424 273
857 889
533 721
475 856
905 834
913 858
70 291
37 276
686 794
357 783
125 269
208 570
733 403
400 428
429 376
955 296
236 348
156 572
960 631
319 729
727 769
541 42
333 70
764 713
319 976
317 135
110 960
580 289
481 183
333 613
54 40
125 122
784 650
695 57
614 877
766 66
171 323
182 135
375 1
206 245
104 736
68 524
373 5
134 489
401 331
704 225
740 143
903 407
454 967
802 664
334 724
246 838
990 397
385 720
364 732
839 925
504 965
940 104
270 799
351 471
192 835
326 470
309 186
3 704
74 515
362 682
857 147
313 711
791 641
941 165
206 829
195 789
893 363
918 342
393 260
377 842
678 371
315 260
552 351
933 461
69 818
523 144
875 623
358 208
182 591
309 328
822 74
27 272
363 947
272 102
103 528
653 419
560 67
141 599
839 751
185 42
1000 659
927 101
490 371
639 816
88 404
258 424
412 461
423 55
698 957
909 118
716 232
10 466
318 316
858 753
884 571
910 470
457 366
565 983
766 627
657 897
430 115
944 852
607 184
88 460
509 56
57 758
858 498
489 3
712 911
578 874
355 611
652 511
933 532
621 168
13 173
935 968
355 967
699 959
839 289
129 33
321 823
28 243
462 198
80 854
414 523
589 676
504 54
426 625
69 613
448 641
513 929
477 427
204 124
830 952
450 961
346 425
208 637
539 429
26 604
337 285
87 271
526 669
983 554
809 585
966 150
953 371
166 401
441 712
632 531
596 158
293 722
452 42
900 735
658 641
782 821
543 446
285 899
976 769
994 184
566 541
337 128
843 927
977 915
573 73
205 892
343 575
501 265
732 796
278 864
127 436
151 307
430 465
524 167
295 833
752 688
617 535
326 918
469 57
546 764
626 593
38 625
206 355
822 599
823 447
49 741
75 101
109 480
716 186
2 421
706 238
485 632
371 192
214 578
570 1
644 399
195 985
186 222
403 158
450 796
634 929
792 396
341 991
707 95
239 899
263 214
325 592
813 410
435 515
495 469
926 876
192 76
453 303
871 655
832 483
368 88
981 477
130 105
248 343
567 743
553 955
170 768
416 589
222 32
122 992
404 779
128 975
467 80
189 525
444 352
5 831
635 227
668 307
855 190
279 119
34 935
505 907
754 202
321 425
127 537
800 177
732 114
766 940
86 453
680 476
769 447
699 569
307 966
772 467
515 477
998 575
572 988
310 14
506 211
285 848
105 72
984 27
591 897
453 780
409 191
190 86
512 789
474 189
174 26
662 158
234 960
671 154
786 593
163 15
779 758
91 75
286 928
584 334
331 171
610 127
551 144
646 28
883 887
295 706
233 292
181 541
770 96
968 592
473 313
280 121
672 821
554 56
626 471
790 391
799 60
906 240
656 289
718 918
276 532
161 647
291 635
990 839
707 630
264 966
842 55
351 746
444 407
158 94
233 575
577 986
485 392
83 197
590 315
959 738
49 458
79 476
166 647
51 154
53 130
701 921
188 433
584 443
820 852
905 397
786 87
610 580
582 676
683 867
516 175
848 816
101 595
351 110
566 320
945 804
394 457
424 222
929 131
326 246
4 60
529 242
103 705
27 891
549 289
943 345
79 862
203 260
633 236
674 418
399 736
246 911
407 253
274 27
893 913
170 378
602 385
940 459
27 113
243 131
205 358
464 170
371 561
287 266
17 457
270 700
13 524
676 541
147 406
72 485
373 201
621 591
314 12
906 380
605 256
276 797
536 24
715 952
24 7
633 530
722 289
6 777
832 503
214 687
464 33
37 879
63 434
995 714
25 362
630 769
438 210
978 478
743 228
301 197
954 581
647 709
289 522
262 593
61 62
89 571
761 482
219 121
556 476
221 323
4 103
835 538
384 76
494 329
539 709
343 708
123 470
689 54
83 480
442 719
501 996
3 63
340 825
27 483
345 193
823 374
884 187
504 422
294 956
663 687
11 81
110 467
890 244
931 986
239 485
854 967
132 862
907 312
957 714
22 422
523 267
679 673
292 980
197 606
815 170
10 552
22 415
264 983
513 809
511 985
224 99
720 146
844 481
56 939
841 850
746 862
722 565
619 452
649 349
119 643
637 180
511 992
149 925
728 606
32 269
747 279
413 992
382 738
971 491
216 646
587 494
889 139
531 362
225 347
40 984
144 892
465 454
753 871
279 756
131 402
20 219
934 117
613 750
735 583
617 414
40 110
94 666
335 597
497 242
220 823
471 647
272 95
811 22
995 712
100 522
412 477
171 382
660 465
241 46
7 717
625 990
213 461
685 999
939 87
603 652
19 182
593 883
966 580
81 363
54 146
758 532
339 650
307 127
442 977
291 853
263 560
372 382
332 723
940 967
120 667
778 629
799 740
746 493
382 452
487 456
704 714
46 692
293 741
621 155
957 410
441 71
862 847
989 397
483 581
394 764
368 27
192 439
706 243
625 295
558 434
750 739
900 195
522 702
596 224
6 168
917 932
354 294
303 898
98 538
607 284
530 249
220 912
174 76
101 860
504 185
646 423
498 280
324 185
945 279
944 777
405 852
533 961
776 832
820 992
33 25
226 410
516 661
433 266
996 666
395 917
489 511
547 986
53 112
961 697
705 788
904 680
515 695
908 789
398 179
835 76
295 477
598 78
921 863
573 157
920 133
225 891
954 723
872 700
739 880
386 234
943 678
770 131
806 865
140 108
385 184
417 827
468 373
736 469
434 884
31 531
815 696
728 530
667 893
764 891
886 74
984 372
770 578
812 954
873 463
899 682
435 865
370 722
307 443
250 321
3 562
388 429
364 111
802 581
842 623
429 521
584 371
83 411
672 797
462 417
817 471
93 264
759 208
522 504
758 315
556 333
490 624
632 954
385 478
42 614
73 503
689 937
253 325
64 400
223 451
23 936
727 80
833 647
971 700
265 942
137 839
314 645
327 890
331 896
4 254
43 852
741 445
88 479
782 19
659 257
526 956
408 675
204 239
423 310
288 377
78 527
284 684
818 189
901 692
122 837
274 793
824 740
679 438
957 223
56 898
900 952
841 145
644 692
709 707
376 390
270 842
932 64
56 565
82 669
330 844
484 174
851 897
46 989
290 419
939 386
691 894
382 603
972 46
914 641
176 351
972 957
293 858
260 945
998 430
514 80
741 693
265 90
675 496
154 535
897 809
762 327
77 259
955 109
809 311
229 761
61 659
776 961
774 661
156 188
655 862
764 698
761 203
12 261
910 818
443 428
631 814
311 566
364 394
281 878
441 587
938 570
800 768
556 892
454 492
255 934
555 436
354 713
478 14
600 725
498 32
876 339
590 679
122 758
81 270
672 677
336 241
94 874
165 382
615 708
15 836
702 810
944 803
126 270
50 562
709 312
736 444
333 933
583 654
337 739
983 864
444 471
634 165
18 422
726 256
699 816
709 47
372 237
79 67
720 210
490 880
770 435
798 642
734 87
145 427
970 323
164 444
45 688
818 23
356 20
6 420
501 181
171 16
940 590
403 179
903 518
16 988
651 25
998 676
487 994
593 161
383 43
742 396
517 728
183 672
994 762
215 29
311 511
935 359
829 649
473 838
772 838
125 469
785 674
370 519
700 530
236 894
942 367
917 177
620 750
924 618
259 982
259 837
683 714
320 47
822 972
205 575
329 215
237 259
434 787
255 656
462 971
794 361
827 234
417 74
423 566
151 387
13 476
219 850
901 224
570 430
175 779
228 632
993 271
914 979
46 2
769 827
656 769
494 623
696 489
230 94
288 533
173 882
223 99
428 978
881 875
894 117
448 392
627 786
776 409
158 449
4 897
788 510
788 177
579 66
352 801
207 952
343 259
379 387
854 465
602 249
172 452
580 254
321 158
868 614
174 6
420 267
445 254
709 941
752 449
402 868
227 233
937 377
218 277
845 275
121 525
518 297
540 487
432 427
239 610
470 448
2 824
421 768
189 374
542 482
587 989
271 248
156 847
765 890
540 149
737 788
978 742
333 685
667 119
836 804
933 247
13 265
88 971
468 915
632 585
981 198
487 236
798 845
364 105
267 420
840 784
941 233
631 350
527 450
281 216
815 772
777 402
335 647
57 749
946 655
14 934
643 25
68 50
971 314
721 516
333 546
647 46
319 631
391 458
162 211
362 166
98 25
258 414
515 779
330 297
156 776
285 951
399 611
8 778
356 220
905 405
605 394
27 982
381 357
762 636
349 338
700 290
217 388
777 647
118 530
473 481
135 306
620 71
298 818
566 296
862 714
27 521
410 114
370 899
209 522
922 674
863 385
982 618
941 555
181 985
638 153
954 410
256 206
529 889
832 696
770 340
351 831
959 223
306 608
170 72
735 723
687 976
703 852
31 189
854 902
908 945
507 870
497 622
392 395
588 131
684 40
496 515
207 732
770 382
905 19
766 814
135 398
428 890
211 79
460 814
118 973
637 545
659 308
669 294
459 178
484 170
576 120
69 65
326 273
243 25
61 880
567 760
867 299
778 349
355 559
278 61
448 843
867 934
87 271
848 988
498 92
117 658
515 684
890 708
912 563
79 99
163 973
468 252
267 317
518 732
741 9
723 863
980 257
380 413
639 508
255 83
590 90
274 114
977 429
808 80
169 118
723 459
119 420
333 850
9 188
706 772
541 796
921 288
628 426
196 914
875 532
804 341
529 877
126 233
639 634
929 860
829 366
276 781
503 306
375 150
972 380
546 971
858 820
578 105
639 333
872 944
771 225
646 76
927 335
453 606
264 391
419 344
402 499
646 2
917 958
238 851
977 860
949 502
813 200
559 660
751 400
257 158
634 121
668 155
792 14
91 681
763 590
217 46
196 50
203 3
71 70
96 723
624 142
202 506
176 722
813 104
271 472
930 728
519 384
459 838
313 841
357 657
90 633
536 385
779 919
881 438
138 759
160 409
36 956
392 327
273 828
282 641
635 591
391 392
608 339
231 917
241 557
649 50
670 915
986 326
425 556
162 938
739 746
203 475
490 186
99 795
944 144
817 615
128 846
526 287
204 339
657 722
472 942
140 966
627 683
8 355
672 299
213 655
680 745
975 689
945 190
475 675
329 97
668 109
517 642
309 639
457 175
739 163
938 316
798 320
624 120
223 24
623 654
611 585
314 356
880 570
81 370
774 993
187 418
358 526
154 856
886 373
360 661
379 799
327 152
733 219
68 10
950 991
852 300
462 780
528 917
288 24
998 56
342 112
999 186
183 903
481 518
200 106
548 690
46 580
300 804
901 907
406 924
906 506
835 302
892 97
578 805
19 102
936 752
443 942
548 595
834 828
323 507
798 662
430 201
403 735
581 371
934 778
58 80
517 15
626 33
39 407
941 447
276 770
588 320
123 456
72 954
365 186
727 44
192 746
257 61
231 885
22 795
245 881
863 997
850 177
891 358
686 364
885 947
254 599
448 252
590 610
139 676
363 723
900 607
211 966
60 230
239 302
183 500
184 494
422 428
11 73
295 250
729 602
334 21
897 226
312 355
771 644
769 361
393 601
615 656
213 851
498 271
301 488
557 82
237 546
737 811
672 14
330 629
814 452
294 609
181 342
137 79
181 308
384 302
175 2
371 89
650 597
341 950
601 616
605 675
755 828
437 771
797 750
871 902
906 413
610 472
421 939
249 660
847 464
158 17
108 724
676 633
528 127
35 427
648 112
735 102
190 618
103 293
189 517
527 405
837 442
34 481
395 287
154 108
657 88
284 790
571 913
468 448
410 533
218 498
97 520
205 971
706 662
15 768
684 419
926 479
279 118
195 211
923 604
765 821
748 87
766 681
920 601
139 750
720 32
328 928
268 365
507 972
184 558
308 512
198 407
864 222
969 121
60 47
131 346
164 278
20 274
518 145
443 540
226 342
382 343
557 252
156 434
599 441
855 631
889 740
195 160
512 587
14 729
722 108
144 964
27 888
444 390
723 597
279 512
648 124
154 230
308 60
660 151
903 346
589 231
918 754
787 573
949 81
977 738
783 604
924 308
492 341
125 528
332 345
853 805
18 439
732 676
252 170
392 67
313 94
787 658
232 810
419 75
502 407
779 60
376 84
398 856
461 365
908 110
313 96
577 709
691 165
36 917
233 967
859 472
915 253
467 258
808 640
440 958
695 600
785 372
560 993
14 352
293 684
767 739
327 955
17 183
472 81
862 88
770 15
862 143
824 534
780 853
348 572
733 559
369 720
836 290
59 727
108 173
969 957
68 854
37 81
289 478
578 85
187 292
335 300
651 959
879 930
138 860
76 807
701 678
348 669
371 79
359 907
879 677
156 550
361 323
281 477
757 966
469 609
796 165
571 264
298 125
537 71
498 967
94 903
394 861
156 665
326 758
86 947
192 772
68 599
24 910
39 762
10 507
809 489
301 142
642 945
217 62
838 385
861 512
776 294
244 897
21 538
871 363
756 497
421 913
438 600
267 144
574 967
773 785
10 29
142 932
635 540
542 780
126 677
908 754
830 670
491 601
684 763
224 583
973 901
28 323
927 74
600 578
799 73
81 132
106 835
505 596
218 355
740 72
628 829
149 182
511 33
880 861
655 431
547 85
77 866
602 823
801 408
999 71
913 715
839 672
729 941
975 905
668 729
882 603
639 698
897 763
591 466
321 390
222 748
68 503
930 234
635 902
190 790
500 857
700 689
499 911
352 974
746 835
73 823
465 908
779 158
646 642
34 291
682 528
110 794
281 20
540 28
244 697
775 815
636 993
206 752
421 342
340 32
24 502
479 488
210 955
943 654
171 805
376 902
726 3
558 441
416 362
14 738
345 791
944 424
296 200
195 810
211 929
267 942
778 505
426 853
988 188
653 867
751 926
910 614
619 646
192 213
514 594
498 591
541 654
592 149
702 442
729 256
830 803
263 659
624 82
202 989
437 944
686 42
37 539
627 946
861 28
260 979
889 653
8 48
401 716
696 616
957 73
594 19
959 112
330 503
437 465
861 312
628 714
791 16
994 258
484 702
330 241
394 281
52 912
660 654
208 266
619 454
584 835
977 735
769 270
588 475
81 566
907 29
68 836
186 84
889 542
208 543
108 334
842 392
0 705
58 515
24 468
443 131
751 202
762 582
617 139
242 730
495 332
123 168
898 443
619 484
270 100
839 607
692 0
727 284
970 409
932 610
307 260
527 641
346 661
407 255
135 460
397 821
314 573
929 244
970 286
764 894
658 849
835 603
903 398
926 780
659 505
869 168
512 632
331 488
348 616
341 693
571 146
213 744
786 656
991 591
946 316
126 361
460 758
864 907
157 841
923 274
990 526
133 254
803 875
147 98
641 259
140 276
696 860
817 190
338 67
450 510
835 631
131 42
630 797
818 450
674 818
990 388
58 835
754 109
333 478
40 559
924 829
580 442
577 720
214 202
799 819
257 372
230 569
635 556
697 329
822 399
194 821
929 845
449 472
238 830
79 73
348 288
554 431
716 359
645 720
955 418
297 171
835 792
290 550
592 88
69 965
808 301
119 827
645 222
970 359
62 553
454 983
904 940
266 911
623 207
377 654
689 155
176 332
969 192
961 650
312 732
475 581
505 470
176 888
92 292
557 805
874 210
806 563
333 233
612 69
904 684
376 99
872 190
883 122
69 506
370 509
819 486
378 923
153 326
651 660
725 995
282 825
285 956
207 987
893 786
346 266
358 991
619 11
867 74
247 648
760 573
256 492
760 592
414 538
355 308
289 147
363 721
438 792
965 210
69 681
592 799
428 946
243 115
739 668
603 991
538 677
441 288
715 530
426 905
754 139
669 356
466 948
454 976
230 583
792 311
979 879
647 766
943 295
333 75
709 648
650 151
262 849
452 506
377 225
115 660
853 29
564 873
976 709
53 535
653 931
371 120
124 333
820 516
676 343
234 233
707 550
744 544
742 619
373 416
965 344
893 254
464 937
973 896
694 464
892 810
231 644
187 792
925 422
328 244
730 516
363 208
153 111
984 577
816 272
152 353
731 931
986 367
110 401
609 56
551 316
280 577
194 824
558 200
729 821
526 440
307 113
370 421
79 695
676 341
845 524
636 831
358 402
86 506
297 83
328 198
886 384
585 192
175 208
247 906
389 382
745 499
882 22
19 451
961 820
551 58
399 886
643 705
921 495
688 444
628 228
909 34
13 217
4 369
884 364
953 5
563 468
641 179
555 577
517 481
164 687
839 398
327 483
867 15
73 907
792 325
262 371
83 643
687 235
767 245
92 926
357 220
404 470
320 198
50 247
46 244
841 793
132 495
266 964
550 125
521 76
493 380
621 266
903 219
47 97
416 987
152 829
164 699
424 475
691 194
791 60
822 558
748 521
333 609
264 878
202 139
93 601
153 74
326 642
981 83
176 285
649 863
493 307
362 316
239 775
167 326
607 717
651 490
700 599
152 6
376 473
542 321
357 1000
172 356
556 505
624 566
837 435
138 487
44 881
407 440
996 584
6 931
20 31
283 38
425 204
697 239
731 906
68 463
679 898
138 309
816 713
329 779
452 375
116 661
811 31
965 644
111 763
579 818
615 910
618 102
847 557
849 476
21 410
952 942
461 586
466 440
410 922
229 304
400 473
878 548
570 873
617 558
346 553
752 10
166 662
514 717
50 728
89 228
996 438
30 760
778 380
633 608
294 877
834 299
578 718
52 861
810 42
254 422
888 122
884 732
240 672
440 248
163 537
809 767
451 472
783 567
985 220
622 51
397 498
276 161
574 314
995 266
941 992
766 180
233 781
507 279
819 316
484 151
156 423
111 677
130 216
443 138
201 445
766 384
723 262
435 318
690 46
873 856
454 163
725 554
254 962
291 212
388 637
238 20
606 1000
405 193
252 155
866 866
955 35
468 931
405 788
974 505
59 186
142 947
572 226
235 12
592 392
901 241
593 503
584 575
597 451
958 655
927 854
577 294
56 104
976 612
683 735
824 272
222 786
300 145
795 856
189 523
603 712
818 2
388 33
117 665
687 719
277 527
342 860
188 108
813 63
775 872
633 222
59 80
861 454
668 512
896 57
483 960
586 91
748 159
456 711
178 564
659 700
536 396
613 134
751 944
333 713
576 647
118 501
293 511
177 445
17 351
510 262
383 674
485 863
60 876
676 434
305 344
560 826
829 327
503 212
220 939
374 921
680 660
234 286
655 388
626 402
488 597
581 217
333 2
97 251
608 124
771 418
88 540
270 592
48 891
198 89
576 640
695 672
330 348
576 917
913 627
604 637
10 540
844 866
391 142
16 256
771 402
654 849
963 450
459 314
618 890
487 811
704 800
156 918
328 633
546 673
316 900
76 685
154 669
297 683
838 482
174 121
730 823
824 532
457 307
615 797
939 12
558 286
32 66
23 88
55 494
975 13
514 444
251 669
345 156
623 133
522 774
979 898
426 769
920 873
673 804
922 686
107 15
418 88
460 447
359 763
263 622
386 804
889 508
740 856
807 846
680 898
576 0
210 774
330 762
306 524
682 901
746 334
724 679
398 531
776 108
594 202
411 943
643 68
424 224
110 546
184 252
161 775
258 145
471 128
182 770
685 308
709 327
775 846
851 130
449 242
655 524
952 564
841 190
584 605
0 715
892 269
334 256
646 841
203 988
389 245
623 625
483 307
597 697
998 456
563 119
358 32
830 610
81 558
620 928
212 348
435 758
245 812
901 278
252 154
657 210
535 822
168 633
83 831
820 104
915 378
707 639
461 432
403 445
684 436
593 136
224 557
97 971
843 678
916 444
113 367
205 200
902 564
624 622
726 519
157 580
384 877
205 898
778 677
988 447
996 113
289 415
117 675
427 283
732 42
287 329
640 517
152 194
530 462
741 668
483 264
507 175
844 312
695 709
968 549
93 559
518 685
235 155
895 888
232 742
175 894
532 1000
756 112
438 170
841 145
765 904
843 98
777 148
634 375
805 664
122 676
1000 804
625 97
551 459
513 657
543 594
295 659
543 616
252 433
80 811
294 515
15 73
756 862
360 574
380 767
656 975
680 879
95 100
948 519
573 105
952 205
368 118
759 297
574 413
397 522
708 156
229 717
514 230
802 410
618 520
139 823
491 905
351 963
648 679
666 427
86 21
945 727
620 312
2 815
503 223
147 409
81 944
252 285
817 262
107 566
465 485
714 366
564 658
253 384
357 231
643 544
695 264
171 656
403 30
206 426
54 533
346 949
759 978
606 87
981 249
840 701
935 547
139 695
889 45
918 869
422 913
665 172
444 268
499 346
42 209
715 329
864 978
317 871
414 812
599 265
495 277
229 646
733 198
973 747
788 970
354 160
351 921
555 395
374 599
809 467
183 327
70 941
618 971
676 816
349 720
309 910
290 320
327 172
205 600
173 767
972 775
897 517
311 101
375 807
143 231
656 308
315 688
816 103
164 22
809 375
849 616
390 180
444 187
587 344
985 938
631 791
743 424
954 876
163 561
617 857
641 586
435 477
946 667
376 127
596 570
118 408
833 750
832 368
637 642
369 184
674 806
96 245
656 83
488 840
461 723
300 550
215 652
646 909
631 625
142 273
963 217
315 233
811 616
135 758
901 1
438 643
737 351
949 765
380 929
179 917
274 349
486 456
30 843
132 471
219 920
252 291
915 129
414 238
53 810
365 39
595 885
613 321
84 538
703 389
90 357
715 424
96 788
544 87
788 568
358 277
769 841
29 55
616 964
46 99
563 653
625 637
51 572
735 761
925 724
314 372
891 86
961 323
6 240
136 69
533 713
147 567
710 706
366 462
916 45
818 777
424 274
246 14
616 782
316 110
226 732
760 48
673 253
650 595
208 726
834 619
66 745
945 32
659 916
348 416
504 155
135 149
850 823
58 600
562 84
653 533
692 962
159 90
846 328
145 749
9 789
837 231
477 732
396 112
647 311
444 170
757 329
79 569
741 155
294 560
160 712
117 621
515 576
805 471
978 136
302 452
200 348
30 318
580 510
785 33
716 777
59 875
819 86
714 203
792 402
5 909
350 41
316 840
485 674
568 825
602 628
128 118
903 570
948 722
713 516
617 256
371 724
278 63
829 103
746 125
232 948
95 155
879 915
843 308
565 249
984 26
449 957
770 589
323 789
259 200
841 125
786 466
651 254
962 128
146 768
612 872
711 776
294 514
979 167
330 996
994 795
83 730
617 795
763 795
317 714
55 445
150 45
677 334
879 400
112 797
644 586
498 284
696 315
813 343
106 548
600 895
329 971
158 186
706 151
511 825
138 645
922 375
718 98
981 510
228 898
893 741
397 70
801 890
369 235
306 928
417 878
696 287
530 941
171 442
335 100
398 213
165 763
302 141
174 25
817 276
650 335
349 206
917 691
315 29
948 887
23 248
987 544
368 248
933 337
2 773
436 580
588 320
356 549
800 898
760 555
84 905
569 978
801 417
301 937
758 234
13 137
352 321
556 570
876 638
870 613
110 961
287 921
717 302
93 144
667 131
594 698
72 842
119 715
59 325
632 724
18 472
111 232
627 605
196 737
513 824
303 762
743 998
261 781
166 400
589 697
680 16
998 587
268 137
405 964
2 149
506 55
232 681
98 899
919 207
896 81
402 859
44 778
979 782
690 991
820 249
751 839
991 671
107 0
761 862
903 973
826 969
408 282
978 138
15 924
17 888
819 971
122 790
780 543
742 30
932 870
134 631
452 251
115 176
190 97
623 731
117 559
753 666
972 396
437 54
729 779
884 99
673 62
545 92
871 344
51 796
458 665
814 227
404 325
207 50
345 978
308 833
403 3
654 752
34 600
182 697
191 5
270 487
841 256
588 976
951 93
545 9
115 253
217 641
877 571
607 532
436 633
998 909
21 431
750 69
494 681
391 132
952 191
15 203
608 993
370 865
266 903
636 422
170 329
739 550
282 960
179 447
511 541
937 269
820 724
60 649
85 848
932 499
825 117
528 957
728 173
866 907
750 688
973 605
545 879
283 224
528 817
198 836
231 264
47 253
54 609
774 274
393 244
187 122
418 295
103 856
181 959
177 775
219 427
58 728
338 958
257 673
910 420
455 346
956 678
794 589
827 414
806 505
801 970
396 887
922 994
438 961
178 78
236 358
310 769
210 294
159 788
196 260
798 85
1000 849
750 32
872 13
139 806
912 888
760 746
168 859
102 314
83 657
957 485
757 601
702 436
511 137
75 435
150 112
557 331
617 137
569 176
396 282
814 299
318 88
756 937
646 67
22 888
195 824
129 839
758 764
555 67
778 605
840 527
778 235
691 965
16 103
299 572
300 730
622 659
134 781
471 411
627 507
925 652
278 121
597 361
681 94
909 520
701 595
302 276
958 712
604 474
477 341
271 812
49 736
161 161
766 256
833 326
319 375
261 662
11 920
619 838
426 695
113 837
76 942
967 67
998 74
311 928
896 834
50 831
500 354
602 567
653 737
108 211
171 145
90 25
939 616
242 725
498 904
133 376
314 426
500 328
676 485
310 353
809 12
129 31
185 135
330 574
346 666
149 896
731 812
150 708
856 687
605 188
627 545
991 78
570 360
936 309
939 818
718 667
226 689
812 771
194 559
419 276
669 477
87 249
932 281
315 320
33 663
434 735
649 937
369 896
950 84
807 609
293 706
298 832
32 274
611 726
660 148
513 45
940 104
111 339
776 331
587 980
217 601
891 409
344 205
630 739
491 223
640 500
514 560
999 149
185 973
757 203
550 440
279 4
442 361
640 508
96 885
199 492
234 501
590 499
578 828
427 500
269 735
732 630
15 504
40 808
570 142
651 170
925 891
263 1000
68 868
626 136
916 405
361 363
734 370
280 466
419 848
58 67
733 632
645 443
822 330
598 352
362 533
509 919
192 351
589 126
136 828
98 406
614 205
468 926
821 576
881 635
18 33
772 390
819 690
501 691
360 811
259 435
729 226
991 559
566 892
604 740
852 733
399 750
581 29
550 742
306 114
253 420
763 128
798 299
28 834
599 197
794 726
221 364
387 912
452 555
377 695
359 391
437 653
716 327
797 457
290 915
234 618
978 77
96 393
730 340
277 347
494 721
952 398
128 490
800 845
252 98
6 391
540 775
144 966
633 657
403 620
22 452
17 797
507 590
996 416
827 354
922 106
121 119
677 131
177 93
848 593
32 245
436 4
470 357
219 810
347 912
599 863
238 112
348 342
665 279
719 111
154 861
6 468
942 875
997 486
620 683
963 157
963 593
661 361
643 372
29 504
536 423
100 535
388 491
229 491
940 123
750 684
424 876
755 153
190 259
259 628
507 618
289 649
483 364
89 586
313 338
488 426
432 729
246 434
920 899
923 802
379 821
728 501
896 183
839 92
511 227
166 88
783 537
158 773
289 586
155 385
749 792
839 97
288 207
276 680
300 356
434 531
478 78
531 393
850 293
250 615
204 245
78 712
388 439
51 60
651 898
294 668
836 824
326 364
261 11
539 290
921 908
593 242
626 300
891 919
589 876
780 539
64 763
738 905
309 193
557 7
908 116
67 395
94 392
199 871
504 926
355 266
103 177
717 898
760 154
917 761
642 669
301 297
81 651
552 702
915 271
782 986
399 246
908 384
752 845
959 218
809 37
26 887
255 103
682 848
274 166
528 475
53 759
876 951
643 900
413 877
327 671
628 894
100 67
179 281
905 256
24 549
913 733
801 278
776 558
319 720
415 716
341 68
530 386
481 413
547 489
705 531
625 73
419 641
500 709
751 820
942 174
908 451
289 477
611 108
432 888
875 782
668 961
536 12
784 300
778 495
7 879
12 474
228 421
83 309
420 129
329 806
740 895
334 274
367 404
78 927
135 736
241 736
292 890
594 346
827 80
7 872
974 737
107 384
500 468
911 307
762 873
472 951
302 868
625 742
348 521
601 912
876 836
112 160
566 932
325 631
618 477
137 369
846 500
781 534
756 28
769 127
715 639
781 99
561 13
36 26
529 400
948 458
78 649
433 603
539 374
578 363
643 466
951 38
174 727
708 664
462 403
51 470
459 91
59 215
388 605
376 777
285 996
895 509
79 40
851 589
694 296
114 24
712 637
414 826
481 132
715 535
158 126
2 481
780 465
948 777
186 518
174 52
746 419
635 959
376 235
264 246
342 358
406 225
583 457
541 976
802 104
18 282
443 714
268 234
133 689
784 804
758 868
408 548
260 200
475 899
427 710
260 269
441 738
444 256
487 425
433 118
243 773
206 312
630 171
720 603
366 936
578 301
604 898
532 283
353 979
610 815
977 915
75 516
974 325
582 921
887 295
78 23
820 582
896 687
42 243
871 871
285 1000
170 776
591 145
853 982
363 701
51 174
470 937
933 754
7 489
318 175
342 276
970 865
17 245
195 337
283 507
430 340
633 276
358 430
401 359
323 804
420 597
444 475
182 270
397 951
294 589
647 8
317 729
70 15
702 960
167 572
13 929
314 994
4 353
369 618
145 745
213 507
418 319
219 519
933 123
156 563
819 106
982 222
344 617
604 763
471 358
571 596
395 494
919 455
67 390
382 276
712 390
43 866
770 237
350 782
38 336
235 20
99 748
319 359
781 290
714 161
716 392
774 870
345 356
875 368
690 770
122 614
851 617
149 241
864 928
433 558
914 226
440 524
331 0
385 150
395 729
143 283
118 449
218 328
644 382
88 2
329 822
661 96
442 340
996 384
565 536
776 574
411 384
348 843
357 557
786 423
292 826
988 446
93 962
149 37
221 952
506 863
462 752
438 716
446 474
593 451
718 25
669 743
96 349
259 134
793 29
292 538
958 226
228 701
636 21
244 970
646 440
289 824
572 678
540 127
961 277
160 987
155 693
613 348
909 352
421 874
439 936
994 30
902 868
27 16
376 133
660 74
761 844
246 51
141 400
452 477
655 52
607 933
112 537
904 359
777 838
881 31
551 285
685 50
472 550
861 779
587 976
799 352
68 643
921 0
10 931
236 978
317 824
438 162
778 13
288 718
48 4
114 687
59 663
562 521
129 95
497 743
420 106
200 457
785 28
382 664
754 789
775 538
965 769
597 604
602 353
730 966
695 235
21 597
73 204
114 248
597 302
696 616
865 880
772 135
761 759
402 519
476 716
740 842
920 962
825 731
180 232
835 618
535 995
210 950
418 935
990 949
38 597
727 533
310 941
741 985
758 122
298 37
886 531
12 768
485 519
992 913
904 502
635 398
706 728
49 337
22 773
988 241
775 77
915 132
156 693
808 358
563 372
174 944
546 378
823 447
112 832
313 278
949 662
258 450
464 448
459 76
499 483
873 701
216 661
316 925
716 806
515 721
229 773
546 961
777 222
280 661
514 173
399 732
823 29
757 130
200 869
503 968
724 877
176 222
580 797
282 900
322 852
436 682
894 981
897 521
178 10
990 899
46 830
534 292
625 304
622 665
59 688
689 170
885 441
19 26
596 112
183 171
150 303
412 641
804 876
932 506
181 762
739 745
4 495
711 390
759 407
358 113
85 621
778 586
586 400
400 986
17 95
689 416
668 890
153 184
545 531
798 834
361 806
655 491
827 575
467 337
192 271
665 810
820 838
950 501
139 340
777 659
410 725
910 733
367 77
96 986
642 513
219 763
983 568
657 953
102 695
446 356
880 32
719 638
639 385
451 444
462 942
55 311
92 54
525 191
329 190
623 928
977 489
937 750
296 527
605 449
551 379
705 366
723 564
653 585
996 321
134 295
463 825
179 885
643 732
19 513
659 373
554 859
486 70
846 97
996 472
647 872
56 388
721 334
986 352
305 128
989 318
954 126
292 534
329 304
416 844
704 952
489 117
948 432
41 683
511 898
229 590
707 608
164 250
638 627
346 172
654 841
214 168
59 424
747 709
633 788
947 167
281 35
591 402
706 925
546 153
404 508
352 599
990 993
594 415
376 130
399 15
895 560
44 567
980 312
907 436
286 259
442 754
601 205
28 195
855 391
546 126
56 164
924 742
287 655
237 215
967 406
271 181
195 327
187 618
604 335
430 592
724 972
90 826
831 818
192 637
619 559
582 925
851 725
391 353
908 414
601 17
84 31
33 662
89 708
180 515
120 938
239 662
554 218
520 433
168 847
366 126
577 522
42 728
196 115
121 446
989 794
549 635
376 84
338 938
310 783
771 115
293 318
413 730
578 924
970 997
129 966
340 708
3 171
87 676
944 341
638 520
628 913
569 487
566 304
694 71
370 659
977 915
24 407
489 909
203 17
165 874
640 45
292 169
529 811
816 413
809 410
984 658
215 829
279 341
235 427
234 999
352 571
23 131
277 96
272 875
962 160
292 257
133 554
723 610
983 877
871 787
228 577
357 745
913 616
986 969
265 237
599 81
83 888
813 931
511 965
75 995
523 594
140 106
58 266
205 751
665 308
349 423
331 616
997 66
765 252
12 121
949 661
711 787
638 478
95 852
8 420
801 803
568 638
423 721
198 810
414 683
821 927
331 533
283 473
801 942
114 735
771 638
14 653
150 30
447 641
101 902
660 431
412 339
595 889
502 631
694 392
535 365
544 480
737 25
706 638
350 15
281 757
39 61
309 78
432 205
925 506
356 197
1 583
622 798
826 835
995 846
339 933
198 163
705 498
289 264
651 616
975 268
990 254
471 737
231 520
794 905
636 794
863 771
591 501
281 374
294 376
316 659
666 65
750 287
126 442
525 361
91 402
26 938
691 813
251 378
225 957
371 351
531 807
567 855
788 879
17 912
864 128
999 460
389 339
245 357
627 470
6 183
759 6
261 39
600 630
114 197
37 915
436 453
388 687
138 780
799 722
12 430
944 568
16 578
747 755
519 803
188 196
843 297
755 270
18 883
651 619
789 506
781 179
171 401
153 330
764 609
242 467
688 652
905 775
989 364
160 448
682 35
32 222
511 130
629 227
679 524
172 477
20 623
939 480
208 374
67 776
721 327
19 342
488 137
729 872
932 529
592 205
235 818
601 975
623 338
766 507
301 528
970 450
440 427
576 421
709 320
1 654
861 646
908 664
414 969
302 259
217 2
685 425
597 709
725 731
576 594
715 748
306 299
420 450
85 236
3 120
761 267
794 661
511 38
699 917
400 184
29 301
254 914
739 6
951 762
833 510
160 925
580 171
569 174
886 216
301 625
721 458
526 158
437 413
625 766
522 298
392 935
290 578
41 986
373 139
538 506
812 508
474 980
247 527
817 352
456 267
41 919
822 630
48 768
398 545
176 709
522 347
642 597
302 570
640 754
611 595
975 438
473 705
536 295
428 158
842 105
729 914
197 994
234 23
280 726
89