10000
1644 1811
8922 5627
9181 6308
7016 3873
2140 6379
5214 9020
649 5367
149 8798
776 3761
7148 848
1207 2639
8353 1393
3978 629
1586 3602
2762 9886
2168 4314
2137 8362
7189 7644
854 2756
1983 681
9620 1269
744 8154
6545 1392
4280 7042
671 8269
8237 812
3459 5111
2498 2355
5998 4864
6616 246
3242 9484
7505 7214
7509 3157
1648 2684
3042 4146
48 9495
8608 4622
3916 1242
8743 5633
8384 9469
540 7350
6317 6443
4981 5594
3152 317
2108 4807
5796 977
4099 4891
1148 643
1597 6682
3431 6002
590 3294
8064 8105
9229 9804
4163 3990
6151 3812
9679 6042
7993 501
9195 965
7091 2386
119 3033
1907 1742
1114 4039
3910 4951
2862 907
636 2822
2439 3863
5043 1939
3151 8522
2286 6200
5927 8610
7477 3436
9166 5455
2558 3240
3850 9904
6965 6385
2160 7379
6637 4478
6095 447
4335 8079
612 1978
4276 4930
270 6512
9768 567
6550 2700
4526 7925
6622 8393
1778 1598
6705 7350
3742 2407
8435 7091
9664 8364
1873 8073
9293 5454
1779 6727
315 5449
2694 1266
9181 3093
7992 9499
6705 6952
1601 867
9324 4640
221 6637
5627 65
8768 2323
7311 9037
8792 1919
1285 7673
288 9625
5080 8352
3455 8701
2061 6119
643 9029
5051 5151
6392 753
9399 6380
8001 8152
9295 4624
1861 794
7367 2541
3378 246
4166 5721
9966 6668
8857 4246
6233 3544
2329 4612
4942 9359
1512 2024
3326 3642
8560 1572
6954 9208
6520 6590
8231 416
78 3432
9148 5624
4620 2224
2572 1882
2561 6903
3525 3672
6695 4100
4745 3162
2625 6232
3365 7247
1999 6031
9837 9484
5744 577
6204 434
6109 6284
3601 9721
8768 7728
3654 6640
8962 5572
2598 2758
8133 8240
3159 1700
6995 7250
6860 6062
9783 6100
3471 2283
2382 9723
8462 4368
9022 1692
7768 1537
7987 1721
6140 9493
5753 6648
331 223
3607 2157
2673 9589
2068 2492
3309 8405
1575 5535
1908 7904
1750 4740
2044 6818
5912 2594
2011 5299
524 6033
9849 1551
5271 2620
1386 7686
1174 3373
1441 1939
5196 593
4335 8066
6302 1453
487 29
7830 3496
1263 7219
8204 2550
4686 1971
2642 3265
3537 5649
9797 1421
9026 6271
2347 9473
8441 6769
3850 2357
8621 4037
4702 4791
6236 3703
9642 9857
8210 5870
8304 288
6175 515
7833 2987
5229 3052
3283 4153
9678 5660
9125 5638
113 676
6442 4656
7871 3541
6801 7298
3819 6825
333 2885
7863 5957
2965 3080
4924 6322
3239 6748
3579 3267
3237 460
2506 7571
9941 5809
5020 8856
2893 4990
7326 9250
2593 7189
3471 3124
8216 2653
733 7717
6810 9189
5446 2083
6926 4954
905 5208
4131 3330
9399 9166
130 2172
3383 2065
8199 5480
1952 4845
6689 6567
809 2344
7308 9280
8223 6062
5466 6279
379 5564
8043 3512
2523 3414
4654 6050
6805 8682
7823 405
4284 3661
3825 7723
5609 6728
6416 2307
5104 2778
2148 349
4322 4484
5075 4935
4209 2185
136 3018
5390 2254
3632 1734
5186 9171
6719 843
7447 6288
3773 4682
3208 4986
1660 2093
4577 1743
2317 7867
6150 4280
5216 534
867 8402
8493 3359
8474 4990
4837 5597
5901 5074
1082 9330
3991 4841
4901 9140
6717 1686
2209 5814
5255 1191
5593 1440
9103 9306
6437 7176
6570 9775
1586 4700
3653 6364
6319 8651
3894 5372
9930 5476
2646 2276
2292 4254
5818 3030
3540 936
9321 6279
9498 4174
4643 5731
6407 1207
5532 6634
7864 5339
3952 1561
2166 1361
5428 2836
5352 7798
7936 3308
979 146
8076 4316
856 74
2519 7494
7766 7976
3382 7181
4864 8455
7110 9211
8036 141
4856 4446
6289 9242
4499 1490
8031 8412
9276 390
993 5052
4312 3453
8314 3026
8374 335
4137 1417
7790 2424
7576 9848
3787 1686
5655 9733
9599 3610
9287 974
3743 8669
7393 1022
9571 4641
1878 608
9577 2671
1248 7004
729 5691
7837 2761
3506 8382
2842 3855
2127 3719
7775 872
666 9859
3696 2955
5287 7767
2064 5276
1066 9390
7916 4681
2073 3840
1252 7257
7802 9412
4800 4857
667 6081
9780 4775
3140 1577
6773 8842
5044 5670
5146 9397
975 1646
1098 8537
329 81
6648 8641
73 2471
237 1184
2227 3956
3365 8276
3666 2618
3009 1571
8008 7483
2307 5628
1607 6741
4511 8284
7697 983
6978 6085
5656 6996
449 1377
6858 5734
625 7566
1366 8838
847 1523
1487 9806
3416 8309
5485 5678
84 628
8135 426
3472 1398
6516 1878
1117 230
1018 7852
5434 5116
6690 3868
8833 3963
6014 2404
8449 6920
9607 6342
6650 2453
9643 2781
2756 6782
5158 4489
9806 3612
3878 6961
1573 8627
1716 3490
1360 212
5308 8205
6182 2745
9268 864
473 8508
2928 2381
5661 5706
6638 701
6538 1508
8448 2052
9541 7110
8391 6900
5489 2652
6743 3244
6601 3478
1090 1314
9561 7356
5252 5781
7996 656
4206 5089
4320 2798
7419 4706
543 1775
3973 2294
6109 793
9653 2022
3153 1795
2604 6692
5242 9668
1586 1252
9176 2825
72 9490
3019 4095
1478 1743
6377 7528
2058 7703
5027 784
7151 5463
9437 3794
5434 843
2328 2815
4381 9382
5834 1520
4601 6944
3321 4834
5675 283
8930 6075
7432 6342
5469 7234
3309 7480
9921 6155
3485 3969
3359 9283
9927 7656
5724 4740
6259 7304
5077 421
6619 2686
7116 6056
1010 8085
8125 8581
2699 7615
3836 430
6725 6789
3561 4086
4077 7081
1742 9534
6343 5806
636 7238
3401 8527
5571 2928
5164 2283
4705 6778
5178 4799
3301 479
2068 7864
3920 8400
1659 8292
9764 5520
2518 1046
8976 909
9583 896
9099 3024
3756 7504
9412 325
9029 5274
2222 4052
4743 6069
2521 2860
1393 6465
7309 8494
4941 7699
4725 1492
8384 4681
8698 6357
1262 1223
1604 6362
8781 6244
4003 5245
2413 3592
9990 5030
2948 2471
8405 5771
5173 2025
3213 7822
8990 685
1058 456
3770 569
4586 3131
8119 8043
3210 5397
2138 634
8033 3206
5811 8576
7129 6484
9599 1920
3216 9869
1463 9347
2657 491
5448 3520
670 1165
5116 24
1764 986
4137 1004
9475 575
377 7196
1265 760
9484 3317
9746 9939
5743 759
1214 5172
5386 3914
9812 4402
3693 9287
5012 2722
816 2324
7672 7727
5584 8202
6666 7311
383 2444
7917 5393
8524 8915
186 5522
5730 1732
7183 9952
5911 1179
7924 6863
5508 5088
2184 7090
9248 9229
2481 3108
842 2407
1505 6367
3320 2284
5945 7842
9045 8952
2595 6464
7009 857
130 2415
5121 2314
9798 849
3851 5646
6114 330
7800 5787
7538 6422
2885 9381
6646 2148
7860 5667
1775 6228
3544 2911
6909 4926
7675 9087
3255 2689
9029 4835
6606 7314
4075 8353
281 4048
4087 3278
6145 9615
6004 9075
7399 800
400 2778
9877 2911
5248 44
3931 3136
3195 6432
631 4773
9438 6193
7249 7396
902 3889
1811 3194
6448 306
5304 761
6094 5847
9252 8045
6734 2550
2502 9344
2421 1620
2441 8986
7782 8748
3806 7355
3298 7032
8696 6004
3158 9836
7003 144
176 2138
9283 8150
1928 7403
9681 1277
4359 1860
5930 1397
8302 5559
8503 9857
1390 2681
9485 6380
9466 1206
9025 8479
8173 5938
6423 2728
109 421
9415 7516
9044 7491
8346 1954
2204 5354
4788 5157
1609 5930
1591 5851
6267 9851
6213 8547
8826 9174
84 9003
3650 8823
6613 8859
9600 3439
8846 6595
8299 4661
6337 5846
2556 9382
5487 4440
5479 8377
4137 302
7860 333
794 1207
2283 7945
3216 2272
8398 2798
3757 7551
6165 8086
6585 5514
9300 7083
6862 4127
8251 6666
345 3926
7273 9680
5415 4395
2299 4525
1873 9635
3744 8388
7083 3234
1269 9926
1911 216
1493 8060
2988 1524
7715 478
8954 3410
7613 5384
1882 4851
9610 948
8826 4304
7730 5812
9342 6790
5889 2240
7435 6310
750 5728
706 4829
2542 262
6058 5334
3813 863
7180 1142
2697 7472
8328 4642
183 9787
7222 8125
5692 5772
8431 3807
2392 1665
9693 6011
1854 4585
4788 134
4291 7470
8597 9321
4541 9361
7319 7181
4543 3326
2280 7440
9432 6910
7144 8637
1475 8237
7259 786
9367 4843
6687 368
725 5799
9183 1114
5711 2284
163 8779
5214 8379
7482 4322
2899 4363
466 2615
841 3249
30 7820
178 8645
5171 7115
9683 2387
7528 8021
6460 2551
4702 1522
5892 1688
6928 1805
9339 8685
1215 971
574 3657
7883 1663
3205 1126
6223 6889
9182 3796
4381 6416
9683 7182
9457 3698
2674 6103
2063 1918
2419 9677
9355 648
201 197
7088 4217
2386 3483
5030 7136
8890 2073
1467 4452
1322 8775
4418 9931
2088 9677
4358 2860
1200 5403
5178 7500
2076 3015
9571 8774
8634 4422
7981 119
8138 1986
9279 1553
684 8921
6830 9198
8507 7258
6204 3627
6948 2300
1520 6361
9801 5675
6052 4115
6435 8047
2626 6844
6670 2268
6368 8806
5471 1299
3935 6844
5638 1030
5032 97
3625 7624
4461 6762
9217 7943
9576 7458
1167 7480
8979 9025
3561 6615
8590 8307
4065 8786
7611 7152
2952 1278
7312 663
7983 1083
5529 3856
7492 117
5034 7169
3951 633
5708 8377
1417 6484
6357 4850
6089 7498
6462 3350
7133 1654
5395 4956
4154 9241
599 5524
5129 8709
7068 8751
3352 2731
7018 2383
5450 4080
2920 7883
3226 182
5901 9433
142 6591
4378 7872
233 3848
2347 7289
7934 2518
8858 9772
8876 3266
7453 4964
4097 8955
5386 6032
2914 4196
5638 4329
2451 5234
2346 6639
4289 4640
2855 5330
1605 3847
2842 6739
9296 8956
4681 172
1245 2522
7396 8233
2892 8739
7625 9369
5568 2295
7561 1753
8741 5606
819 7903
2820 2219
8216 8574
3978 811
9235 5765
3060 7629
1460 6015
2446 6261
2490 3524
7178 8328
1438 4437
6622 6360
6198 9973
8481 9020
3912 2014
4817 6709
6170 5243
2890 3761
982 223
4851 8607
2436 5063
5664 8531
7813 6461
7694 6960
454 2936
3159 5622
6032 647
7236 2365
8466 879
2117 8943
2813 8879
4205 1764
4805 4241
1602 2058
1159 1890
8359 746
2991 1354
3194 3732
8964 8051
8076 5244
200 464
1127 9030
4537 5134
5444 297
4186 8050
1793 7668
3611 6977
3508 9432
3434 4279
4449 5638
676 5855
3700 8425
2327 7299
9670 3726
4477 3474
4574 616
9602 4820
5461 5652
5909 2216
5193 2662
2004 5270
4414 2204
3466 9159
1544 6940
7283 8648
1524 761
1917 8759
3992 1787
6588 7764
6291 9449
6101 2394
3907 3450
3627 6433
8723 3539
6412 4577
4289 4411
8016 1270
7413 8971
816 8661
2802 2198
6832 9740
935 9911
7909 5629
7855 2449
3056 3098
807 2556
6979 9976
9295 873
8090 870
4153 9718
4562 751
3650 6971
7402 2496
5689 8830
6575 3028
6318 9454
6898 632
9477 7637
8595 1735
6952 43
8112 5089
1460 9344
1914 8771
9202 750
74 1808
5654 4654
937 8889
3404 5830
1482 7618
5296 3182
1616 2005
4139 952
6492 3337
3168 1836
8047 9783
203 9894
9271 5766
831 8783
2683 3532
4085 7581
5979 4111
9814 2515
3692 7859
1257 7310
599 6318
7304 2032
2241 9279
698 8397
5126 3603
1839 1590
3849 6459
5978 4592
9820 6157
691 2920
4579 7521
8214 6214
342 6609
422 5425
8634 5554
9470 4411
9120 2526
2303 2944
76 1454
3782 4118
4888 3338
2528 872
2724 9567
4418 1769
8661 23
7391 3368
6949 183
4710 4990
872 4601
7632 3314
1992 7986
1694 895
6027 4488
6427 203
2712 1869
4158 5133
2107 7364
954 2441
7828 4824
1617 8703
517 6707
8252 9667
5169 7223
9745 2764
1866 3592
418 7676
5592 4067
228 4576
9937 776
7722 3083
8682 4602
3366 6133
5018 7584
3765 1817
8452 2047
2602 7165
7959 5508
6273 9117
6360 6593
2578 5130
2182 7515
3289 1245
1594 3670
3399 1739
1324 1436
4423 3089
4748 6783
3909 7029
42 9545
3439 9244
4938 5539
1938 4208
8132 9877
7101 8048
5938 7084
8619 5405
3179 1646
3152 239
6782 5984
5290 6561
6545 2687
2040 910
1056 7801
8138 6620
1819 1711
1503 6889
9909 7264
1426 1464
7559 9467
5880 9864
7903 272
5503 1689
9889 8133
3998 1620
7623 8683
6930 330
7260 2633
4312 6810
8792 921
2381 8101
9147 5423
4207 2120
3132 7343
8128 7252
760 6456
4360 9741
5492 7302
4274 6706
5602 6937
9151 5117
3402 2764
6598 2525
7722 6290
7488 3815
4062 1877
8565 1856
8076 6826
6186 881
4494 7944
6794 7873
9679 5924
6340 1882
3412 1908
7509 4391
9622 1214
350 784
3192 4406
617 8176
9986 7363
1967 6276
420 3796
8568 491
5950 7334
4964 9805
9414 8383
9309 6799
5190 4191
5577 715
7702 5597
1144 3121
8269 8438
7626 9029
9313 4532
890 6188
6118 5507
2192 2592
2884 2066
8381 5077
4787 4385
3384 2835
7152 119
724 3675
9751 5852
8500 6104
1072 8080
55 2760
1861 8293
4225 7691
3426 4482
2671 1964
3035 3012
1305 9118
7986 7240
4431 4504
7907 5479
1264 4257
5662 2678
3999 6842
8593 666
1445 6988
4688 972
2477 2362
530 2739
5773 1234
6002 5291
3532 7477
517 9950
3629 5402
1926 9965
8526 3205
4181 9024
2224 9321
9662 3844
8008 7732
3441 3292
8461 9899
2717 4693
9652 5755
2948 8558
7764 4645
2260 8159
2196 2818
3264 5067
1560 2286
8648 6930
440 2016
6323 4244
1282 6085
7452 7206
5350 1317
8723 5145
3734 2381
6546 3245
9827 2686
6402 29
9628 5692
5880 7540
9140 9674
1574 4952
7514 5816
2142 4746
1246 3156
5379 2371
4499 5059
4113 8858
5902 4984
5167 722
9695 7442
1886 2845
5275 4048
8929 3704
1555 2810
2514 6616
5769 4709
9609 5614
5527 981
7108 7397
6351 6147
3053 710
8467 7373
7217 9533
8155 8799
9230 114
2387 9458
8823 8850
6984 1448
4853 8583
5605 9806
5715 399
2521 5301
6169 8087
3305 653
5283 6195
8463 5736
2113 4123
1900 3689
8054 4982
7632 2835
7917 1834
9720 697
8559 900
5038 1735
7049 702
931 7037
8168 4515
654 9511
1944 7214
3337 93
1396 9517
4376 9911
9175 2322
8155 4774
35 2833
8388 8302
864 8959
7447 3621
8686 571
6265 3056
9640 9210
1110 5628
1221 5420
3077 3741
2781 6273
7113 2291
4657 5065
8509 6733
5348 1279
1209 2360
9901 9653
6239 7494
9117 9810
5100 4996
1007 3604
6744 7453
5816 4849
6939 9370
2676 8648
6994 309
7505 9385
5009 9457
3198 4738
4846 5422
4536 6047
8319 6180
2336 5687
7136 562
2785 8912
5264 5979
6648 1207
1725 520
2881 5828
7910 4999
330 4049
6691 6176
621 9272
4602 5022
2025 7139
1935 8274
3702 9575
4455 942
1237 8763
9932 2860
6078 5947
1322 5066
750 5583
4440 1796
7582 1519
5046 1914
8384 9633
7027 3898
7144 7916
53 8353
1857 4377
3209 4348
6158 6226
8099 1005
3392 591
1504 4749
800 587
1386 94
6505 2911
2032 1761
710 9346
2761 2378
6343 5800
3368 369
856 8005
6438 4706
9230 4793
2484 1794
6789 3258
5362 2150
547 7194
3768 5393
8151 6623
6245 2911
2715 2078
3045 617
6353 5866
9985 1379
589 4004
9887 8211
7093 888
2367 2606
4658 1400
2124 2083
2716 6714
3859 2350
3888 6583
9220 5870
6813 1310
6806 5206
3627 2162
2825 463
2358 694
2826 761
161 721
6458 9227
8933 4527
7126 3771
5184 5425
9736 1440
4349 5835
3406 5727
9450 8673
2216 8824
9485 2716
9147 617
9536 8126
1898 1186
6035 1585
7535 4034
1640 9628
559 1086
3600 1470
3726 7802
1711 6143
4526 8247
7099 7433
4486 8131
2801 4115
2821 5494
4471 298
4048 3944
1321 9328
3291 7270
3913 9146
751 6130
8948 9139
2376 1681
1356 154
5944 8239
4846 2777
6414 9949
9897 5598
7108 4340
2512 3650
9637 3963
1021 3875
850 2975
6021 8989
3088 6752
4276 8343
5102 2479
6637 5242
8480 1439
2952 7394
8131 9227
4888 7037
285 9735
203 34
2674 5646
3331 741
6770 319
9295 1338
9674 3753
673 9471
654 3503
3165 873
5370 1904
1041 749
314 9147
6600 4355
8381 2326
9613 2990
1529 5398
8062 3238
8820 3557
6216 1738
9856 8875
2023 4983
2604 9222
6348 8946
3647 5874
4529 3635
4379 7162
1482 7823
4555 4084
1914 5563
218 2261
1985 8681
8712 3025
2441 8737
7477 6154
1013 922
5119 1207
4399 5139
4593 5802
5195 8190
1501 9234
992 7186
7786 4091
5655 4672
2650 1157
2677 3626
459 2329
7006 3859
7064 1999
2998 3254
3694 401
9434 4935
4495 7305
7884 1364
8440 4319
4674 9734
3113 5263
1179 9498
9472 1581
4668 4327
7390 8572
1883 3752
8483 6104
4803 1858
5784 736
7268 5447
9938 1158
5723 8825
3037 5579
1732 37
329 5723
673 2351
519 2478
530 6998
5422 1376
9785 8295
5050 2682
6782 5916
9307 5763
4869 9420
590 4357
6790 9078
4395 8184
967 959
6356 6442
318 4340
6706 925
9226 9798
8325 1332
2518 1035
4739 6994
8338 5927
5694 2957
804 3785
5864 1888
9959 9386
1444 3077
7714 6396
6128 4178
7150 2716
5625 1066
7460 3817
6015 6706
117 1770
218 8020
829 7172
138 3131
5309 3289
9896 4161
2819 4996
3412 5068
3362 3199
8385 9374
188 9169
6316 1436
9070 3767
9806 2191
2946 5643
4175 5127
1697 700
2943 259
1447 6316
9304 9950
2628 8390
3237 3896
7744 1891
5715 1507
2479 9156
6343 2338
3469 9604
1193 7951
9884 6350
327 5862
5856 6729
7773 2482
2207 8947
998 4422
7640 6936
8499 146
5662 6179
1349 1428
1809 8694
4896 6553
9863 74
1325 1753
4845 9370
3013 6277
3352 6117
4127 9386
3586 4229
5038 3696
594 9077
6484 1214
6309 2791
4996 412
9726 7568
8899 4844
5262 9910
6373 7116
7758 7093
4345 1686
5222 8208
6978 7727
6792 4314
956 9691
738 8451
4277 1787
58 2009
7850 7335
5077 4850
4065 8366
355 8245
2409 3394
6387 9574
7351 3127
3055 4597
8246 3822
8678 471
3593 3185
2704 9918
8754 5091
9339 5681
8583 8487
9751 6593
9036 7860
5313 4157
9441 7147
4550 4429
6082 3624
1246 2114
7603 181
1073 9530
256 3504
3338 5618
2782 3050
4086 7120
4827 6932
8724 8453
4426 709
3225 9656
2827 6484
9039 3378
7051 2752
1146 1988
8065 1400
2940 1873
2382 475
908 5975
1880 1263
6377 1403
1984 9813
7726 9502
8298 2917
8560 6165
7056 8679
1939 2646
5418 723
6946 5712
4825 4294
6978 5636
1177 2289
8677 3497
4047 188
4207 8646
2236 3963
2960 7009
1610 834
3521 392
4251 6411
4438 2737
3169 243
2342 452
5312 7428
5994 7310
1466 2241
3560 148
3761 7583
1262 8918
8783 3660
8317 3510
2852 4292
6962 509
6677 6019
7780 1981
9671 8389
4179 5480
9501 2456
4715 1411
239 325
1962 9194
7884 5911
7985 9319
7184 4341
4212 5759
782 895
1728 7182
6439 7189
8359 4118
7225 7622
434 7226
1714 4384
1027 2676
5680 808
701 3535
8187 7486
5265 1540
2685 1106
2287 6910
7507 3084
7447 2241
3696 1211
2351 5331
6696 9783
2745 188
1384 9660
6996 8969
4357 5566
2400 1156
8092 3361
9506 6114
2678 9368
9409 5364
5035 1667
2216 6597
8550 7798
8964 3503
9464 8977
8231 3559
6619 9613
8813 8291
6219 5916
3025 6427
9294 6366
9830 8399
8792 8670
5392 3147
9934 3686
2296 3534
2624 8762
339 8378
7953 3733
2743 2779
8204 594
6585 2328
3613 5143
7874 7422
8285 445
8875 1015
5334 3038
1362 9263
4495 7454
7944 195
2474 9065
413 9711
9229 2588
6557 4674
2344 6816
3964 3876
8382 9232
8933 4715
5782 8434
4536 4151
4226 9202
5773 9426
609 2886
7281 668
9781 4431
9867 9344
7439 3077
1926 7176
6623 9887
2473 6459
3693 9758
603 211
635 8143
7255 9954
9944 8630
7326 5054
14 4300
9444 1563
6539 1600
8438 3174
1031 9306
7149 8016
3707 8870
6631 1736
9930 5950
423 1312
5304 4111
9674 8741
2601 2876
3480 5440
3426 4029
8365 8503
9407 3937
3632 8202
410 3519
7524 2785
1666 5412
2311 8066
65 9394
9311 3610
875 3992
6260 7724
3918 3880
4757 9818
9034 3867
358 9047
1569 1594
8305 4843
941 8622
6111 5426
5055 9496
3986 9430
4948 9229
2448 8706
4546 9993
4173 1930
5749 4754
7869 1849
8598 998
5522 1175
7645 1726
8281 3183
3057 2574
576 5168
2375 6375
9228 9168
9202 8846
7587 2414
894 8588
8461 6062
9567 4325
5114 2430
1573 9100
7135 298
1681 1029
1533 5941
3635 6648
9060 9354
4088 8343
7788 3094
1975 6356
7455 7864
7813 498
6264 8837
8595 1714
5804 5027
3238 4651
8479 260
8011 8050
4483 249
1665 3889
6173 4427
2703 116
7673 9106
9046 4861
6385 9418
4551 365
7767 744
7788 8880
2613 798
4296 5384
3729 1425
2375 2531
217 4935
8140 1128
6011 6353
6005 8715
6268 9596
6338 9305
7068 5547
7752 3825
3336 515
8571 8734
7944 6646
3535 1045
2874 150
2661 6017
5464 8173
2508 2321
8670 756
1620 6798
348 4542
290 8742
6822 9157
5618 5501
3978 4413
8856 1810
9034 2548
1070 289
4090 4167
9148 5427
9047 9908
7019 4417
6942 9829
241 2914
7496 7066
8879 1289
2478 4675
3660 7504
9374 5521
2179 380
6417 7643
7957 589
310 3848
3786 8759
3130 5954
5251 7553
5930 6004
8525 8130
394 5173
6685 8314
5108 1537
9722 1930
221 3179
690 9859
1826 7593
6856 9043
4928 808
6261 6113
34 4659
7131 5956
3313 2895
55 286
4990 8344
9452 794
867 9568
968 4520
2744 341
3503 6729
7630 4825
6841 9056
7232 5554
5994 2005
4964 5581
6875 8857
921 4363
639 5402
3790 3881
7798 3018
3318 1088
3667 4707
8081 9361
5181 6871
8198 6284
1034 6025
4341 6608
1109 8751
2379 7097
5036 3314
1761 5974
581 2284
6180 584
1461 5553
8866 5769
4756 2186
2936 223
4722 7184
7333 2551
2242 5937
5526 8381
7714 2353
5514 8916
4028 2796
4451 7077
8308 4019
4777 4017
6268 6101
3288 8618
1283 1933
4721 2714
883 2504
996 8784
2729 9383
9859 7571
351 9582
815 5533
9396 6589
1778 8723
5723 8294
5810 5847
227 1922
6055 5434
3833 728
5894 3520
3810 4956
6993 3087
5186 7010
3039 9824
5711 9399
5282 2361
7409 5465
1567 1406
4599 7681
5699 1190
6981 9205
1045 3020
6270 5591
3794 2504
4805 9169
4111 564
7564 320
1367 5760
8384 1108
2253 8551
5983 7969
7759 4951
4491 509
2019 3479
7265 9272
3695 4778
502 9637
9951 5059
8299 1488
5235 6115
3621 613
7372 5091
8339 3333
8069 5567
5186 9886
3081 457
8057 4161
5024 4269
478 6127
1798 3653
1256 63
8445 9365
4234 2989
972 3115
5811 8766
9514 392
9645 7319
3438 9182
6569 6234
8911 8893
317 5551
5138 5136
7158 7978
3063 6469
2189 5694
4773 1072
5428 9339
8987 9069
3679 6080
6765 3196
3199 1245
2494 4862
934 8599
3046 8042
3364 2421
8307 5077
3742 1793
374 8447
9519 5714
2182 2036
4013 7863
2255 7031
9043 3866
5050 3202
8470 9954
5739 5581
8623 4733
855 235
8804 3910
7601 9329
2096 7062
5534 8264
524 2359
1396 6215
6034 3315
2350 2369
295 87
4352 6540
6008 370
5395 9991
2480 9940
753 1509
7161 6589
9882 4
5816 6190
7734 2034
1025 4890
9238 208
2576 3822
3884 785
3743 2608
4605 8470
3444 5414
2697 1557
530 4227
6283 3426
4792 2030
7779 3872
7871 5211
6979 2143
7509 8795
8693 4816
8106 7985
6159 2585
792 8314
9623 3694
1861 7668
678 7092
4230 385
8338 334
9080 3279
8890 2007
7130 1414
8403 1574
6893 4051
7450 1001
6144 8151
8896 4925
6936 420
785 7745
8185 4876
9852 7487
3003 4450
6345 6789
9434 9477
4755 8092
3770 1001
3977 4787
6755 3907
3858 1189
2816 5613
5921 9682
226 2457
441 4003
7837 9237
9177 3938
4447 6693
5075 4856
9348 7361
5949 5903
8029 2397
6749 2244
6647 7633
6349 757
7761 112
1388 4779
2952 6185
9150 7691
4922 4100
4606 2527
1138 4700
5911 7122
550 8733
760 4531
3999 1881
8786 9369
5454 9022
1651 2072
6562 4177
7325 3393
3286 552
8768 8041
8319 4062
4920 3671
2805 2614
2260 6490
3 551
9707 3596
1114 2531
6606 1963
8128 6501
40 1410
1955 5839
61 1291
8858 8980
3934 8941
4011 2758
8067 7812
1401 6546
221 8484
4598 1073
1120 7909
1340 7833
473 2654
4290 2350
1020 2460
9553 4951
4773 7652
3499 9328
320 4053
1451 10000
7937 8265
8924 8865
9755 6680
3520 9277
2908 3994
400 7047
7707 3947
4603 5847
1579 8230
9901 8086
7254 8227
6202 2288
3196 6695
5087 8123
5512 8350
3053 4983
9996 8551
7420 4754
2155 4602
911 1994
2101 8600
8069 8540
3040 9671
3663 1054
7586 6300
5809 7394
428 1591
1105 6997
1393 4476
8204 3909
1655 5913
3229 663
8848 7813
2920 9856
2366 7965
4960 876
9538 5293
6223 3691
3501 7665
3277 5348
1780 8210
3039 8594
1085 8111
3464 6301
4179 3728
9520 5237
5761 9187
2086 7226
5498 660
7906 9181
7464 6952
8132 196
7857 21
341 9603
3319 9064
3096 8894
1007 8429
2387 3351
7607 9402
3934 619
9002 1959
7103 8363
6446 3801
674 7375
8406 7632
5363 604
6430 4710
4610 3642
6413 3882
844 8370
2029 4394
3792 5487
3212 9761
8098 694
3151 3105
6901 6685
6969 3700
7381 7167
7801 5961
0 3348
6598 2915
9699 1451
7683 4059
133 2886
8905 6278
7943 5269
4201 9253
7399 2241
9172 4487
2116 3245
3070 4819
1905 1678
7768 74
8409 1157
7228 1725
9525 7866
8881 7529
7462 6884
5747 1679
6548 465
2925 8884
9361 7503
8466 2585
6456 8485
8847 1443
3915 3153
9351 9202
7787 5750
4077 7802
1402 9555
1108 6000
5465 2182
8586 5116
8719 5115
7369 3006
9683 1617
4698 1100
5934 2264
374 4535
4913 9742
8139 9838
9950 659
5891 8856
4351 6474
3889 5912
6999 8118
7590 3294
2829 7235
1571 4746
7447 7673
6923 4209
1092 800
9180 4525
7128 1629
4176 4831
2414 7311
1581 4036
9854 4303
5558 3580
6867 1626
1353 5292
7809 8175
7215 9392
4749 1301
2726 2601
9090 1306
5501 8411
1879 555
3678 7492
91 3864
629 5705
9070 52
413 7950
2732 3260
6206 7956
8883 9889
6488 5438
7387 9662
2040 5420
3623 9302
9994 8716
1312 4320
51 8327
4161 1663
8953 2743
1612 6800
2835 7260
4722 9162
7899 1648
4819 1675
2303 1703
1689 9909
8539 4402
7003 8175
2846 3110
8979 115
7805 8830
8554 3954
2614 2469
8389 3837
4339 4589
5818 7745
6241 2953
9305 3847
8191 2721
8249 2109
3224 8076
1562 5996
6017 8643
2089 2993
3056 4979
3636 1393
2785 7000
4752 6018
7337 7443
3542 5708
4184 8630
3928 7031
7689 7947
6910 5450
5782 9684
4451 2512
5630 3661
3348 6482
6047 4967
3819 5431
6921 6409
5736 4276
7129 3971
3668 9003
3959 9214
7339 6837
5644 7617
7239 4446
7477 5443
7180 9036
3355 8621
6252 694
8389 3891
1826 123
9512 9159
9712 8818
9553 9898
4501 2765
5497 9718
199 7026
8660 5930
5124 9604
2204 8413
8448 8366
9718 5091
6461 6724
1821 5951
9804 1844
7934 6949
1816 151
3738 3953
203 4513
1058 3140
8698 8168
7058 945
5396 9091
7751 4501
8237 1236
6180 6860
4600 7347
4764 6178
5104 2134
6519 9606
5342 9978
3393 7158
7051 7084
6728 8940
1767 7449
9356 8858
8079 6474
6484 8121
8751 873
7303 1405
5227 7750
4049 2739
8018 2780
3503 378
3589 384
1740 6616
5115 4852
4194 9500
6683 9125
7303 7411
6827 302
2788 881
6055 9947
6539 9631
9837 3808
2185 6070
2394 6379
1437 8259
4709 2016
1323 2366
2285 7697
7416 4080
6827 2822
8854 8727
5349 4624
2600 7056
2830 5096
6005 9977
2907 8629
3000 2301
2050 4718
5212 5040
8120 5429
3143 4236
9900 1173
8943 8078
129 6521
6855 3425
4774 6052
3033 4948
5809 5075
8456 99
299 4626
7305 3355
9559 4
8414 6900
3799 3376
4326 7967
6932 2526
3293 9949
9190 5223
3529 8045
427 5390
7974 6803
6821 2910
6616 2861
6419 8325
5651 2416
8684 7067
9678 5468
6991 6273
9078 4288
6692 869
226 84
6887 2647
3890 1881
1387 5461
3866 8335
4332 2874
7249 1140
4997 8259
5271 4511
2560 8868
1270 1256
6731 1659
8607 1128
9584 6430
4742 9664
6446 9926
3116 2620
935 24
3097 1697
709 688
1103 8360
2262 3197
4641 7787
7663 8626
4107 545
4211 8028
4467 6840
2390 3687
9431 5493
2468 9270
9658 5804
2674 2007
2653 8197
7055 2147
2549 4109
5671 861
4870 961
2538 5440
837 6849
6393 3368
4593 7271
9910 6770
57 7246
5800 4681
1754 113
9876 2000
6539 7856
6143 5153
4033 6171
9228 7828
7391 2302
1101 9240
2943 3838
3383 9889
5690 3722
3887 6231
7853 9980
6678 6453
7729 8381
4683 2437
9579 7674
3831 5681
8595 5040
9984 8834
9585 7818
2156 6575
102 9031
6901 6688
9433 7872
1569 3799
206 1907
7008 3552
3803 7856
5338 2605
1181 8578
7216 1027
337 2559
496 9715
1191 2791
2054 8500
9546 8797
2143 3291
4374 6549
4777 2926
5794 6916
8441 1853
7913 3234
3180 9704
8905 7128
1758 9128
1984 9680
1208 6207
90 3438
8371 667
2537 5314
5578 8694
4105 3808
5189 7762
8921 9147
3342 8981
9068 8536
8148 2538
8476 6164
5945 3507
1742 6919
9794 5493
7880 959
2988 1888
4439 4128
4120 5626
4923 8842
5561 5489
6935 3956
4258 1461
2768 5659
7761 7262
8615 1515
1211 7121
6036 2181
9157 4684
3085 5621
3762 7770
6354 7910
1414 7285
3941 8517
3263 5987
3719 5458
6441 5511
8525 1763
283 5481
5592 6052
6443 2451
4601 8361
2973 2889
6214 3687
266 7900
3508 4772
2184 2169
6384 680
3720 7830
9614 9467
7048 5686
4184 3103
4090 1136
3249 8111
4395 521
7407 4005
4997 9933
9158 3067
379 6429
9587 6967
5146 8486
7161 7221
8252 1994
6282 9069
2719 3914
2595 4937
5614 2751
445 5692
7733 4012
5580 6186
5931 6065
6870 1165
2169 4491
7093 2398
1913 5347
4785 6097
4285 4029
7234 5460
3106 7961
6637 3339
3168 5336
9644 7679
3880 4494
3066 4372
5500 5560
3076 1584
7419 7131
966 3654
8644 6532
6420 4485
2917 2823
7289 9991
3456 8352
4989 7630
5332 9116
6557 8208
251 982
7194 742
9417 6714
4151 5947
2904 3296
8030 1888
1038 7900
1087 4645
9462 8427
2140 8997
630 480
3332 8242
7399 9321
2439 5486
8485 4081
5421 5029
6034 7393
8779 7256
5582 5929
842 9561
2066 5980
2611 6572
1843 3104
4445 2720
4107 7707
6755 2450
9355 5274
7733 965
6994 5705
9649 4571
1658 6138
7838 6537
8957 6618
4476 4018
279 720
2480 2990
7983 7427
9068 9212
7248 1882
1466 4102
2994 140
6070 1759
2218 7933
1642 2961
188 3513
5955 9327
8586 2874
1660 9243
4906 6489
81 8243
4311 6145
5125 9592
8076 2335
8277 4869
1312 7474
4874 287
4618 12
6053 6632
3026 2182
7259 9876
8794 4753
8729 2374
7036 6678
5186 2289
9853 4496
4269 3552
2932 4893
1131 6390
1593 598
2883 9169
3981 9588
3520 3629
8132 4507
685 4762
525 6290
5489 4559
2169 15
6177 7697
9112 7612
4051 7993
6503 6928
8825 9020
6680 9404
1317 9168
6560 5531
9637 6827
4192 4109
7683 9121
9785 2536
7466 832
9086 3353
77 1108
6801 5217
5203 7102
70 2823
5826 7515
449 6028
8534 2636
4468 244
6476 4950
9503 8902
4173 3319
8373 6522
9337 9210
5682 7525
1623 3158
28 9848
824 9362
6286 3169
7124 6
9056 269
2952 2231
3383 8675
593 7620
7497 4427
2925 1886
1898 951
7871 7405
70 1058
3783 9553
5642 8887
4685 1362
3832 9534
1013 627
555 5169
1570 2893
5884 168
7751 7240
4956 7456
5540 4186
7010 8823
417 8750
7381 7422
8111 3539
9540 2929
5352 7535
7 4681
9189 6091
5087 2723
6484 330
4130 782
3701 5380
5976 3600
7335 8341
4969 3001
2956 1068
5009 3479
8431 4518
3939 4095
7334 1765
2873 8815
1816 6725
5154 6655
3263 9110
6330 3013
7382 3876
6837 5066
8974 553
7593 6115
971 5175
7466 3534
5942 1579
2595 8826
4582 5787
9589 7826
1362 8611
2193 1473
1062 479
8030 1412
6912 7781
3637 6975
8390 2636
2019 5016
9263 1265
1354 8970
5225 5854
3468 7186
2127 9005
4404 8314
6717 1786
9363 8360
685 3224
8461 4768
3903 7256
3412 5163
8944 9285
9975 7943
2219 1022
3584 1607
730 5594
4804 6972
8556 7414
365 2865
5499 1085
67 3053
6567 7967
6559 1586
5591 3157
3455 3774
3169 9992
6562 4115
1600 3474
6193 1358
5007 4130
6217 7151
2913 9473
7524 8133
8214 9526
8088 6892
3791 2995
6132 471
4979 2738
7627 5284
6858 3185
7969 2698
1395 7249
2062 6785
8471 2254
430 9475
5217 4140
9183 233
4927 4616
3333 7107
3829 4915
6167 1926
8283 9769
5018 7218
3195 7159
7969 6835
6098 290
114 1080
505 2566
9537 4062
6417 5721
7222 3704
5101 3815
9702 5642
8691 8555
8295 3393
8984 7043
4792 8235
3233 5908
4750 2904
77 2559
3038 9021
8387 952
1846 3940
7909 2436
1314 2220
1900 2807
6718 9833
9111 3262
6729 9482
619 769
1959 292
2054 6826
7612 9844
4061 1291
3919 2240
162 8355
3350 1737
3522 1594
4317 4455
7519 4128
1160 8933
6059 9134
2707 3805
9060 5940
532 1794
1359 9649
9704 7893
8137 1207
2793 4616
9497 3926
4042 7239
6068 3779
115 4919
8795 6961
4000 8884
9910 2420
5580 6497
8453 3597
4562 1005
172 6366
5820 6671
5234 2417
9600 1131
6862 8354
2001 7894
592 3307
8013 8323
3946 377
5545 6784
1122 1998
554 8811
1514 4037
6937 8173
9587 9921
390 8352
568 6231
5711 6500
1180 6825
9997 3848
5297 7639
5176 2366
6551 3633
6088 6055
7226 1309
6935 3957
811 2746
5738 179
5434 9145
8116 6372
2932 9716
264 1838
4975 5565
6202 9403
7410 3104
6910 3815
264 2414
8920 8321
2158 9596
6980 6177
2038 9658
8968 7242
377 3791
6445 2044
9260 9052
3909 4465
86 6151
3804 7954
9919 8167
4924 8517
8643 5781
6328 2595
4986 2538
2028 6527
751 869
4332 5282
9016 6627
6845 8894
1548 6296
5462 3392
1751 6926
575 701
1750 5311
7873 391
1216 9696
8673 7010
3162 1454
4014 3997
5493 6739
8366 4344
7980 8732
3703 3476
5124 8212
3570 2809
5993 4508
2216 3317
905 3336
2644 1619
6144 2556
8713 2533
67 4836
9733 5605
957 9628
8985 7569
7890 8983
6701 2986
6363 2783
9758 352
4951 3915
8005 9544
833 4937
7376 2284
4836 5424
8022 8571
5562 7391
3295 1667
210 3069
9661 3049
4455 2615
9500 7593
1854 7123
7552 4986
7898 9604
1104 7248
7829 7500
8874 3852
3298 5092
678 2156
641 4435
215 2212
5819 6108
8064 2419
2436 908
5208 6427
9772 1197
7658 7712
8928 7340
3549 5660
1243 5862
9234 8356
2369 5822
6152 3107
2301 2333
4815 6814
5076 7887
7339 4157
5031 2002
3552 8083
1932 5599
8579 732
9192 2841
3334 3485
7527 1055
9197 3408
4354 6768
2368 2452
469 1642
1651 7350
951 1968
3722 6450
473 9393
4061 6901
2635 4687
9129 3618
4131 6777
1982 7201
9820 435
7601 4699
8592 2012
9006 6101
9618 9476
1474 8530
2044 6017
4677 4188
9034 8049
7469 4546
3357 4476
7712 8731
8299 3547
3437 4217
3428 9525
4779 6624
242 8367
9569 4502
5280 163
9683 5415
2276 240
463 2297
2914 6470
2914 4469
1975 8927
8592 3474
9350 6510
9969 405
6378 607
8975 632
7427 3684
9571 2236
703 3352
3278 1033
8481 9596
7969 4867
6550 128
6791 8385
8148 6502
5906 7772
456 1705
4635 6553
5269 2094
8747 8895
4234 1433
5334 5676
6509 2245
2209 6062
1593 6255
1387 8540
5391 3824
8018 2515
298 6509
5858 955
3870 2643
4434 2563
9366 8403
4145 2201
2943 5043
8908 8
4111 5379
7370 8608
9553 7717
1322 4045
8001 5103
4861 9867
7348 6906
7964 4207
2033 6444
1840 1486
5771 2354
559 1344
5789 9116
3137 7469
6326 2064
864 6298
8138 3326
2945 9937
837 3586
9218 9475
9578 9365
1565 7861
6394 191
6705 9693
5159 8958
278 6016
6278 6523
3202 9712
2088 9729
584 5809
7246 9026
2062 9696
4091 380
8810 1308
2306 2907
2106 4043
8670 2257
2982 5434
8718 4877
8363 4316
1250 7466
2299 4858
6279 5357
2367 8056
1187 9338
3106 1911
7980 8142
9878 2852
902 5342
6055 5628
9751 3426
3309 7982
3459 9611
4537 8647
7526 1295
4982 1905
2471 7579
252 7719
9919 4827
2662 137
6227 2987
6908 9257
8282 3482
148 7713
6935 1918
2335 1946
5756 9268
8176 912
2547 470
6525 6048
7926 5562
726 6828
3837 3610
8792 5009
601 1915
3866 7463
2003 8718
7313 1472
9369 5227
9930 1442
252 4460
7670 8078
8566 8469
6001 7396
6855 3508
9214 8445
2169 8766
4326 5646
1861 6742
7034 9840
7601 4176
2123 4140
8180 6417
2101 7817
6350 1010
3049 100
946 9629
3916 7344
2573 8885
5043 3979
2084 530
8675 372
6279 2325
286 1534
374 4554
7104 7268
5167 3617
1921 150
1726 7742
6026 8424
7266 2584
8546 2989
8994 8012
1454 4687
7504 1251
765 2285
4316 6494
5432 2260
9403 7459
6168 7025
7551 1182
3331 4122
5108 9035
1399 9617
6185 4865
5242 8293
5520 3048
4641 5297
4673 3240
7181 2320
2520 3108
5314 7781
2801 4464
8621 9403
5354 8032
8128 7863
1340 6147
7823 2123
8169 8723
1683 7760
8719 6303
8302 9056
6216 4089
9730 9108
2477 6343
2233 1656
1474 9791
4511 6924
8892 8816
7955 3927
4168 7973
2831 9656
7062 6892
8366 4392
9501 3043
8263 1936
4056 3766
3313 3640
6840 6907
5172 5860
5037 8646
145 7988
9007 2450
3792 8509
3207 260
3760 1924
9352 702
2970 590
759 407
8358 1784
9369 4970
8650 9750
1451 5755
1600 3438
5706 3552
2492 3238
7172 4124
410 3605
5206 1105
7313 9393
5910 4311
8573 4699
2313 474
8167 1921
3400 1765
2238 5183
1461 3841
4590 4416
1260 326
1172 7590
9030 3908
1770 8416
4329 6231
919 6657
2903 221
7586 7269
8099 4889
8426 869
7378 2820
8637 7869
1042 8584
6676 6053
6581 5115
4321 4726
9861 597
9477 8904
6132 860
4409 5903
7050 2985
5544 7768
667 3773
3417 5530
2017 901
7241 7168
3 2488
7525 4630
2524 9110
6567 8793
3813 4384
61 8506
9143 6652
4190 1780
9365 3815
6294 4119
7098 5620
7328 6647
526 9540
9946 9736
2353 6898
6046 4620
4577 1587
8998 8829
2075 6737
8090 4057
4490 6952
5721 9320
9174 7253
173 9634
6517 2076
9288 4857
9474 2823
4789 2710
254 2613
396 5777
5071 8087
9235 9276
7279 5535
2200 3504
3041 2005
5004 7730
8241 3050
2459 1163
1327 6822
4998 8701
6790 6294
7878 3116
7394 402
532 5091
8433 7365
6121 6783
9452 5928
1859 5200
4499 6904
8739 1365
2753 4229
2380 3771
953 8357
68 995
7729 4569
4612 7687
7400 5108
5323 9333
8423 9264
4636 1290
8801 5189
3470 4283
2474 2897
8684 8594
5878 403
8493 8848
2650 5384
8209 7610
1744 9896
2034 5259
5685 5626
2211 9264
7825 9201
3629 4523
7314 8432
5259 5392
7753 6860
4541 7981
3984 4637
2605 6876
1697 2132
9565 3325
7860 6524
9647 5198
1466 2184
3815 2
1162 2948
8756 5966
7903 5914
368 336
9186 8169
4035 3264
2659 7424
4659 439
1161 4797
9986 3627
3954 3134
7235 292
785 8322
2285 7640
7643 2212
9340 7631
4655 1755
771 8980
3978 4275
5745 4669
207 7932
1867 3417
2814 6975
9119 3814
7878 6935
5899 8621
2158 3718
8072 2229
965 9197
3606 4480
9467 39
6326 6525
8911 7249
3869 2524
584 5462
433 3167
9960 56
1664 3105
176 4400
5886 9823
9257 3569
5714 7503
5252 6468
6678 6732
7136 8698
2566 7327
4252 3780
6775 8498
8509 9200
1331 9676
5045 5840
3712 5304
5753 9717
9435 6509
178 465
2289 8794
7141 8668
5953 8804
8959 3426
4567 925
7786 4828
5760 9669
4384 1954
53 7019
597 3430
5732 8971
5891 8569
6890 4431
982 322
2352 6253
2832 1523
7476 7088
8353 1203
1970 8743
2895 3629
9318 854
6157 3042
8078 9701
3857 8009
6176 9678
2838 4610
3536 6272
7196 1032
7518 1193
3283 7258
457 3446
7209 5624
7936 2653
3493 4784
1027 4535
8062 866
1977 4241
4509 1934
9102 6566
6610 4780
8330 936
4630 6539
2294 8967
4702 6886
2184 2478
5227 9917
1209 1952
7929 4697
5018 2255
4575 374
3769 5210
9233 7127
183 107
7957 790
9207 8589
6947 1091
5509 621
1532 259
5445 3188
1147 3253
1760 7054
1497 3785
5868 3276
6540 395
2193 6322
8580 2846
8532 9093
3612 4077
9422 9121
7979 769
8362 5363
6126 5701
8126 2440
9349 5096
9927 408
884 5710
7005 5437
7910 4811
1415 2801
2883 1665
6933 5978
9847 6426
6167 2371
6477 8622
5160 9746
8847 5781
5969 2492
6295 4476
5966 1555
1098 6450
7335 7372
1685 2659
5375 7009
8688 1137
1803 7395
9586 6156
754 1463
5224 5381
9813 467
7577 1573
8124 1870
7921 9846
9389 2284
3749 4991
8480 8883
9120 6672
2927 4822
8267 7004
7901 4522
8217 8068
9033 1423
7580 9011
8814 8646
6563 42
6479 6362
3536 2102
293 893
9843 9286
570 2898
9775 8386
2473 1647
9306 438
4761 7090
6188 6292
2350 4838
4657 8680
6988 9649
6077 1911
4271 5918
2587 1274
2775 7612
8727 8551
7406 2943
4764 578
7484 6663
4179 9934
1872 6723
7086 7839
1728 7402
5224 753
1520 4494
7768 3889
9520 6576
6324 5030
4673 4190
9814 6416
4030 6907
2770 1818
2989 4099
6086 3701
9000 4511
6953 8080
8444 782
2849 4128
7133 2466
8033 1092
5574 542
6290 7585
4391 9906
6155 422
3369 2691
1949 6458
9422 5974
3914 5747
3860 807
3688 1103
6049 7074
2643 2483
4142 8814
2607 3575
8795 4514
4045 2093
3456 8241
5660 8473
8045 7654
5985 2906
9588 2342
8806 5456
1084 245
5103 2121
685 4330
4180 3900
8274 4749
3095 5299
419 7739
1795 4490
5640 6812
9457 9322
5019 9545
2638 5848
8923 8002
2575 9502
3025 3689
9350 3879
1852 9933
8103 4853
1580 6339
3660 5933
3446 6309
8944 3190
5269 1577
3331 2125
3224 6591
6399 12
6600 2600
5797 3602
1985 5062
7360 11
2678 8428
5991 2392
8105 7024
1665 3620
5407 6941
234 8814
3856 6803
3641 4891
6883 339
6934 3745
7705 5538
3371 9148
6394 9006
4580 2276
8943 4294
7956 4227
9286 941
2344 2074
6314 1205
6967 838
9114 8262
2505 1720
1593 3666
8538 9242
3811 4824
5880 1990
7661 722
7860 726
8131 4878
890 5694
1094 5277
1568 5487
3272 9093
7577 920
6695 9133
6688 2783
7173 4806
5910 2077
972 4814
1297 4294
9439 3797
8854 472
9034 3034
3646 2362
6854 645
5286 4579
9637 5437
3054 8880
6881 6401
7158 9300
8533 6777
7853 6645
2129 855
6792 8015
9181 2496
3359 4770
4424 4221
2430 1678
4631 6245
4295 8917
731 219
1605 1516
3651 9215
3825 4936
4412 9655
7392 2732
3532 5891
7279 1099
2455 4781
3312 3588
7370 1314
6395 5685
3080 7081
6326 1790
7890 4450
312 7323
8558 5350
2876 9144
4415 6867
3181 7799
7263 8370
5781 3413
4622 5202
501 9634
6563 7248
9935 1279
6148 1996
522 9056
9445 8003
7518 5658
8244 3024
9058 7307
5151 3239
6821 7279
7749 1578
371 1660
3350 6916
3248 9543
3022 4423
1340 2162
9559 3700
4627 3608
2269 2064
8908 399
2381 2504
268 4313
9631 1430
1268 619
902 6605
4419 9418
1382 5450
8864 2371
1094 7297
6609 3464
4042 4017
945 7277
8861 4918
8325 441
3839 426
3751 124
5126 1187
2164 1551
4694 1789
4209 8650
8771 8105
8342 7
6670 4172
4929 5153
1477 9847
8844 4842
7533 7105
8934 4003
7546 1125
6110 5470
8880 6223
5546 2319
9699 1994
5781 193
2204 462
288 8907
5544 8437
827 3358
4335 6635
4747 9404
7559 3443
3576 5990
3614 6207
3275 9502
2775 6755
3880 9651
1198 3186
8015 7981
3627 4075
1831 8201
578 766
6078 6381
7473 2846
9440 5981
4120 9749
5614 2259
4441 2695
5474 7693
3203 4180
9118 4990
5010 3157
3002 5196
5642 2267
2820 919
7034 6860
2609 9199
896 1740
2540 8140
4516 9704
2052 2978
2194 6488
7062 5082
7473 7376
7611 3570
2550 2203
2013 2027
8401 4180
7646 7817
918 1032
8307 2823
3157 3683
7437 1384
7336 3295
2532 4542
3350 8990
447 4105
4530 8645
5044 5425
3719 526
3437 9407
9047 706
3717 7449
9881 547
3423 8360
5910 2477
4966 8098
6547 864
888 4637
9254 8037
4480 1628
833 9337
7817 7947
4025 8871
8274 2794
9934 6510
1403 4183
7559 7030
9056 554
6826 3422
3050 6354
7744 4265
5454 704
9 3675
3191 3516
7088 7776
1538 4455
805 4173
8842 5684
3695 357
4527 5950
4387 8412
5531 9736
2531 2449
5783 4201
518 7357
5475 528
7666 4688
2920 3121
5201 8041
4344 5639
734 5273
9675 8847
4801 3852
9720 8988
182 4994
6988 1194
1628 6837
9958 1315
991 7532
9760 4683
8359 7959
9718 5051
2321 1930
2713 452
7545 174
760 689
9403 496
9912 2180
2618 8867
6636 3809
3304 6519
1240 6487
201 3027
2273 7250
8469 256
157 4743
7095 928
3753 7874
6980 459
8236 7093
8262 5829
3160 2815
4944 7113
6808 144
6338 5382
3711 2998
5248 9419
5662 7418
1409 885
398 3295
9372 5295
9537 90
8535 4191
907 3241
7080 9162
8699 5347
2110 1817
1745 2773
3408 7681
730 2359
880 7353
1180 6915
444 2302
73 9500
1941 918
4155 3877
2247 5174
7800 3808
1070 2578
6451 7725
2455 273
958 3230
9610 952
3225 505
572 2773
1889 4942
6446 3371
6320 3597
931 8542
5584 2669
6117 5658
7095 1485
2132 8704
2952 6747
2027 5913
7131 1843
6355 6302
3798 6657
7950 6546
7119 5687
2586 6672
4545 7125
6599 7734
1435 1191
7466 9173
6051 693
4166 3083
3143 5200
8475 9056
7055 2472
6635 1344
3347 7087
8787 9413
7913 1937
9442 8301
1935 5910
48 3900
8592 3249
3724 1424
3820 5323
7595 3769
5017 6721
1865 3567
1932 3099
5828 2474
1688 5738
7606 7114
443 3097
4511 858
3244 5834
2113 8274
5880 5800
9247 9547
9944 4127
4303 8531
8894 3520
924 354
9014 8297
1760 2038
3769 6209
5535 9346
850 6551
1408 7018
7213 8140
9831 332
4541 641
9487 7139
7752 531
7652 162
858 5067
2316 5117
1610 4957
7882 8402
6358 7323
691 8845
7702 5115
2436 1264
3756 3940
6112 9005
9159 8469
3323 6628
8299 4931
4472 5064
9273 5302
2658 4914
2349 5225
6156 6515
7605 1147
1813 531
9545 7367
9683 6865
7301 3055
9412 5794
3050 4381
2057 687
4501 2864
5937 5557
3575 3008
3670 5033
6235 6326
624 5607
5015 9103
7843 7454
9480 915
8907 8455
6566 2443
5168 3239
4734 4951
4227 9639
3081 4923
3721 5762
8912 6058
4711 2505
9683 8504
3898 4412
6260 894
7026 5400
3026 9275
5108 367
7333 1259
4203 6049
7210 3257
9451 3906
548 4007
2024 4304
7626 6109
1510 6086
6047 8522
4370 8095
2518 5030
1139 461
7996 2176
2876 6662
2267 7094
5981 4878
4448 8559
8150 6835
2648 8184
3136 3218
5462 6959
4295 6262
9879 7603
4097 6144
4597 7564
456 4103
2064 5329
8144 6694
1241 1659
4194 1225
473 6273
7048 2885
4253 4177
5531 8383
4222 5454
3656 1807
9405 6275
9699 7385
4822 6943
8263 1862
1133 9401
3424 3906
5654 1675
7177 7610
9698 3087
6322 712
5549 5381
4582 7521
7217 2607
9590 1391
1869 4377
6751 507
2582 5260
8665 614
1754 7204
8052 7119
5965 801
5662 7885
1443 5661
7771 3975
892 5973
6791 6717
2043 8674
6917 7491
432 8761
7619 9986
2874 8277
2871 2206
4209 7378
5300 3980
3163 1893
2944 5328
356 8789
8558 7681
906 6711
2382 4785
8546 5912
7085 5743
2902 330
5570 3845
2562 6757
3561 878
8944 9194
5240 9387
7119 3114
1424 1422
4593 2937
4099 779
2415 7649
2589 7934
4332 3662
9794 9711
8299 6734
4178 5949
8283 1868
2663 5663
7912 335
1816 943
4539 7689
5422 9793
9930 9995
5881 2086
6053 4830
2473 5343
5870 9686
7485 8303
3755 2628
6770 830
6047 4936
5875 1263
3776 4095
167 7683
3818 2648
8805 8813
3479 2019
8019 1381
9234 5585
3335 3210
6225 2994
7639 5688
1226 7428
1748 6729
2435 811
7004 8446
3352 45
5880 4007
5996 6357
13 662
5934 1909
8122 3631
2071 9258
1756 7051
672 9781
5129 4600
6523 7690
6468 8868
2718 6293
4567 1346
6347 1160
2759 5919
9910 5837
5359 6984
4475 459
4034 9411
2346 3683
4266 9782
1274 8320
2733 8764
1586 2937
6237 2849
692 9437
8537 405
699 4673
3796 7951
7958 2507
8769 5212
1767 621
5030 801
1726 8270
4909 8550
3564 4356
2494 1057
7207 4425
6497 311
8096 2657
1137 4137
4234 9802
1155 5331
7644 808
6378 1408
6475 3521
1502 7438
6776 121
117 4636
253 5334
4933 3068
5355 7155
8248 5310
1479 4936
4419 6723
6211 9939
844 1223
1092 2465
7240 7867
7791 4299
635 5378
9293 7705
6198 4538
9057 5104
2351 9700
6567 2883
5588 4773
1383 8703
2009 8367
6696 115
3643 4655
3036 1746
9313 6608
1908 8469
1008 5185
6267 6143
7140 872
8236 3312
70 680
4818 6321
1881 111
4792 54
9379 8749
2260 5734
7759 1210
3083 6900
2168 8971
7918 7516
4924 4188
7291 3766
9723 535
830 4681
3259 351
2855 6839
9184 2759
4210 6174
5579 2084
6855 6342
8874 5879
7125 4879
9554 7473
7009 133
2677 987
320 5557
4493 2941
3641 9781
6772 5790
3512 7001
2579 7027
4918 3804
8804 2662
1586 5284
6843 6180
3755 3604
7859 4185
7885 4762
4511 6948
5480 7784
4427 7293
9176 1259
1423 3726
8329 3293
4279 7729
9083 4941
4499 2314
1015 4550
9148 4565
2327 6337
611 7018
1348 1276
809 5852
3663 1718
3138 5345
5856 7256
740 1238
7913 2446
442 5068
518 4815
2569 5216
6042 4749
8528 6619
6884 3330
9167 8429
7535 1277
60 6215
2010 1077
8340 7519
4031 2247
3310 475
3329 8349
7983 7142
2015 2669
7379 9746
5181 8920
5332 7413
9451 8184
432 1219
4789 7669
7305 6336
471 5897
7715 6600
4946 1086
6182 9961
7755 5964
9743 1955
1480 7735
2104 3050
7721 7466
2100 5876
6444 8836
507 8223
3425 8537
1153 3387
8552 3366
791 9896
4242 8306
6072 3694
3923 4670
430 6659
7854 5498
9309 4053
7471 7103
6741 4477
6456 7122
6584 6726
2243 3045
9304 8131
6065 5140
9600 5091
9355 4402
1241 1125
3726 1791
2719 4854
8729 2666
4248 9747
5343 6017
5312 4644
4852 4183
6244 3314
1524 641
7611 4381
5990 9728
7140 241
805 7029
5498 4069
9883 254
1211 3195
9079 801
1433 7697
5035 7641
605 5697
2837 8750
4732 548
9700 4231
9015 6224
1381 8106
9818 4677
3712 1886
1459 4211
6036 1106
2219 5306
4016 1898
6613 2206
6376 5544
6829 906
7832 5060
2232 7208
3795 5601
62 6338
5874 2188
3318 7340
6582 2909
4508 6933
2347 9032
8108 8708
8564 7460
6025 6547
9387 6228
8538 2923
9237 1689
4198 1474
6715 4297
5215 768
5943 9933
5570 7770
3814 7332
6372 1284
2978 9310
1684 3745
4372 9255
4946 2857
4360 6342
8904 3749
3416 4085
1634 3268
8561 3713
4965 9700
8636 7651
7637 5715
7466 1583
3424 7517
516 2593
8447 7081
9494 6568
1903 6251
8541 7685
4088 3073
5472 1405
7814 709
4764 3663
7312 5610
6951 3703
7268 6239
6355 1539
8330 2300
171 5158
450 6196
6346 6277
4566 468
2334 3191
1509 2992
4218 9530
368 667
368 1765
9715 9281
5709 4067
3560 7318
888 9842
5336 2130
7778 1251
5388 1742
3707 196
7550 7192
5628 8772
2976 9061
1712 9623
8186 6131
3034 2849
9904 2999
9397 2864
7722 4868
2453 3874
4433 3522
1157 5151
1768 8429
5700 8226
5731 5386
290 6950
1041 8587
9723 5971
1141 7189
4013 59
9250 8514
3176 6757
653 5353
1049 6558
4019 8306
3199 824
9283 8673
4696 964
7010 6133
173 2480
2769 7929
5271 3995
1655 2101
4019 1098
7712 8104
3023 3620
6116 4596
1917 8420
6933 8831
4897 1492
610 9200
9008 896
3683 6946
6277 8678
664 9974
1974 5659
3996 5593
6471 1994
3393 1489
9719 7569
4783 5270
8349 2592
4489 7343
2948 3109
1385 8923
7590 3364
6639 7804
9109 3283
5281 884
8811 7450
4705 3868
699 1536
5261 2135
64 2648
4158 9560
4664 9266
7193 7777
9300 3966
4830 6182
9164 3645
9229 2210
1195 7793
29 8476
108 3279
3017 4764
3291 8944
9913 9819
8202 9250
1552 1639
7735 9790
7816 1338
4641 9252
6687 715
6353 3700
6889 7214
6046 1933
9850 4812
6265 9343
7999 7174
946 9982
110 9226
1086 9868
7084 8656
6259 8847
2418 400
925 2219
8785 1156
8512 9180
8976 1015
457 271
2753 7968
8520 4703
1151 1883
7007 3344
6024 3850
2361 1826
8909 9065
7291 4749
6538 9140
5067 7433
1509 9510
5796 6531
5699 9880
4134 9178
2060 6169
6827 9066
4237 100
8127 8452
4023 1852
7069 7297
1855 9789
2854 7270
3646 6931
3181 82
9133 8631
8820 9979
54 2177
2867 1012
8053 5314
2444 27
7591 8856
7263 3117
4341 6753
5453 4056
9687 5278
9232 7972
5347 4000
539 1121
3889 4207
1007 7188
9350 7037
5405 8884
882 8653
6784 4201
8130 557
6529 4687
8178 7546
3135 7366
7891 2509
2274 1474
3871 5218
3296 3794
5258 8875
1179 1743
3566 8834
9584 9834
6945 7237
719 8772
9523 8341
3981 2593
2045 2740
6445 2689
2001 590
9786 943
3883 9867
146 4454
3292 8817
7989 6337
2433 7812
2154 3343
2028 1611
2947 9044
6005 2283
728 8333
4596 6050
1495 1779
9727 2143
7220 4245
8907 5625
4851 3178
206 3288
3950 7570
3312 2092
317 4469
5848 8233
3060 4473
2315 2819
7034 132
4149 3726
4626 9271
6307 687
2710 102
1450 4039
2421 2759
9621 2601
6261 2010
2495 8193
2020 6372
9045 7071
7115 8559
1357 5415
9551 4239
2374 8331
9948 3711
3700 2741
4808 1898
7020 472
1352 7045
945 83
6818 59
6838 2229
9109 6411
149 5685
850 762
4572 2367
8010 4209
8416 7023
9057 4412
2496 3100
6847 4496
2281 2718
7688 9428
5979 388
3506 4484
5366 7603
6660 6504
1896 8870
9368 4473
6031 3656
871 9596
4445 5186
9060 1604
1825 6660
2489 6474
3616 6458
170 6518
4770 4750
5658 3722
8142 7178
1691 4473
4565 700
9252 9143
6507 8785
3722 4648
4193 5985
9457 2078
3885 1819
907 1798
3819 8349
6966 1146
9286 4563
8542 7066
5839 2690
1907 3231
9784 6688
4620 4832
7825 1688
2184 1440
7790 8087
6723 8318
1121 4594
9344 9312
1383 8832
7134 4009
7706 4345
5250 5837
4847 4756
5576 5226
3576 3495
14 8999
4948 7157
6987 4186
2791 9789
9507 4246
4697 8608
3292 3021
4695 3632
5553 4159
6877 3144
6211 7091
7428 5452
5574 5949
5412 5115
9599 4197
8627 8341
5825 2618
9243 5936
1829 2236
184 7409
2072 8714
1626 8285
8619 3492
5336 6391
9727 2226
5290 9363
5461 2919
8994 4008
3212 3868
4783 7224
7917 1306
5823 1763
6208 554
8711 6968
4745 5838
2733 6919
836 1157
257 4436
5407 2351
6473 9916
7269 1204
7000 2875
8158 5613
3874 9756
8447 2517
2098 5690
5165 5527
2951 3171
5114 8149
6708 1713
5920 4946
5469 4483
5162 2625
6398 8275
8460 5754
6313 5497
2560 2390
9582 3043
6350 4768
1434 1963
204 6125
9389 7855
9803 7479
8965 8558
8459 9226
7027 655
1874 7417
9566 7750
3630 8378
7079 3593
2652 4644
7989 8090
1917 3079
3810 97
5950 6349
2071 175
2788 5572
9935 8395
1495 1695
2333 1835
2659 7238
2141 9777
5417 4350
4456 7126
1070 8332
9275 599
3605 4650
6518 5444
5122 2317
5680 6873
7083 8344
68 5331
1082 8317
3999 5675
3552 2262
5127 1129
5982 4509
5671 6874
5724 661
2519 5408
3537 2822
5340 4669
6254 570
256 6483
6408 8968
469 9145
5314 5921
8686 2167
7877 8576
6802 3618
8794 8148
3197 5641
9269 6931
814 3293
3449 843
8692 7532
1426 1189
1275 6725
7100 3610
5209 3283
2979 582
9817 1082
4642 3866
9740 2469
8156 491
5101 9994
3071 3753
7130 3725
73 5265
3292 7167
5237 6641
5577 7256
8887 7182
4712 1882
2678 2126
5730 5768
854 9966
4444 8278
376 9033
5170 2310
6872 2816
4371 394
9945 3826
733 581
8142 8687
9131 582
7867 2090
6136 6221
7073 8914
9408 8035
5448 7446
5176 8633
2416 5733
6176 5317
3186 1651
1015 9685
1650 6266
3936 7098
6385 6
9595 9731
2396 5294
6432 4944
9654 2893
735 6122
4754 7714
4112 781
1341 9111
478 331
6529 6397
9575 5435
139 148
837 6538
9712 7078
6990 3756
9315 4255
6863 9220
2577 1233
3544 3584
2742 5723
4149 1530
5107 371
3249 2522
796 9050
3025 5088
5013 81
142 9055
2533 6606
3415 161
1094 7960
8827 6201
1334 5000
2781 4981
5447 7399
5597 3911
2798 692
6863 4181
6854 402
3713 4939
8711 8206
4691 9935
5040 1114
314 7011
2729 4377
7240 272
6450 8393
4880 5036
9575 9121
1130 6122
7793 8835
4947 5395
6816 341
3415 7593
8997 3010
118 817
3523 6697
8405 6563
6560 6987
4066 7455
7930 7048
3670 6893
8655 3674
6651 1307
9167 8141
935 5259
4150 43
1012 8941
3290 2189
3456 23
6004 8712
9376 5301
1464 1616
4467 7695
7138 2004
2646 1823
1396 5804
8708 2114
9323 9430
2028 6709
2107 4378
34 1890
7899 9937
9667 6111
7797 6975
4254 8022
4251 1262
972 613
2215 5036
7647 24
5473 1302
5845 239
8858 2329
1628 3978
6519 486
305 611
3697 2496
6272 2479
7943 6456
5249 1591
5870 9231
3313 1585
5029 3905
6735 8998
640 7514
1474 2399
5029 5566
6650 3236
7342 9064
2353 4779
7246 20
169 2161
257 8441
9969 631
2037 9608
7842 666
1485 1710
8622 6574
2567 5032
3811 1819
6540 5880
8691 1758
3522 5255
7982 7455
2767 7754
9344 1105
5062 8399
232 6257
3134 2815
8981 9081
970 8403
7945 8617
4448 2933
1456 5873
3119 2639
8476 3063
5441 294
9697 7044
8691 5472
6843 3834
4308 4749
2777 2438
5093 2135
7748 3211
6956 6230
1894 6672
8769 1358
7828 2099
7156 5496
1143 100
335 8352
7111 3086
5893 7066
1075 1305
1074 977
2026 5366
4205 5831
1487 9207
4696 3121
464 5535
1161 4908
1157 4016
8190 270
8911 3417
9043 9527
2502 853
1111 3900
810 2891
5972 305
585 9953
1976 7493
9719 9351
8482 3752
5482 8832
5598 6116
2727 314
4160 6170
9819 359
3277 4301
7165 5645
4752 9205
6369 294
3255 7762
4327 5074
7094 8104
8410 4464
5914 6798
5343 5110
4248 8848
4823 440
4356 3278
2186 7982
5863 5972
482 4886
2067 3891
7145 4181
3299 4292
9140 8584
9329 7587
4240 6538
5752 6743
1513 3446
9828 4753
3427 7688
5289 1194
7398 9622
654 5529
2043 6348
2703 1568
3279 6974
8335 869
1673 9
6608 8314
6003 1791
1535 8920
3241 6764
6632 6665
8072 4297
6992 7809
7094 4532
5279 6410
3835 8883
1975 8480
9940 9566
5331 1665
3362 9697
4170 2349
5195 3319
4603 3706
361 8535
4180 7315
3156 2242
4120 7337
6650 7465
1378 3503
3409 3277
675 1544
4732 8442
3414 5087
3960 6792
4313 3961
7404 2887
1631 1849
5587 5096
2920 9789
7913 6839
4056 2279
8195 2125
6642 4741
7114 5555
1212 4380
5503 4205
7665 9249
7474 1931
9918 8686
7162 8024
698 2945
5798 6148
281 3114
9643 2144
9133 3602
8058 8956
343 1510
2983 7506
5144 4722
7548 3777
9657 123
9608 8492
9600 8861
382 5706
324 8189
456 1847
254 5219
9680 330
8538 4022
3909 488
4887 5801
3504 397
7427 1271
1899 1338
177 5665
8658 5745
853 8426
3084 4288
9832 8810
7652 2890
3227 11
3190 8329
1027 6403
6044 2570
8979 8123
6547 8994
5001 8763
2228 5969
1636 442
8830 9115
3880 1067
933 916
9132 7991
317 328
3993 1005
7778 3081
4921 4602
7242 1518
4410 3534
9593 6997
4115 7119
6811 3677
3125 8374
7634 3487
4456 2973
8757 576
1340 6276
8633 5707
6371 6452
1136 5274
9306 8079
8569 4451
2361 8561
4044 3146
2618 8458
390 710
3469 9331
7496 6700
3328 1234
339 7389
1409 5825
8203 5899
1382 2514
5900 1473
639 1076
2752 8382
1189 21
7696 1359
7415 5969
6935 447
3321 1612
7330 7334
1289 1461
5559 9886
4192 6572
2577 758
6584 4299
2539 3661
1524 6075
9053 797
7953 3526
5985 3650
8886 1686
68 3957
1414 3185
3739 6700
3325 1042
9589 8577
6460 4822
9983 9176
4235 1621
41 6020
6657 6794
5434 8097
4381 3773
9257 1803
7904 4533
549 8975
9904 6983
1161 2704
1728 2389
9787 1947
4520 9815
7950 1297
6793 2271
4624 9089
7238 8442
8053 6480
1094 5425
2265 3055
6722 3797
6980 781
9647 8148
4328 6591
3750 7457
6484 4743
2138 3875
220 6842
7261 7400
2426 999
5151 5889
6042 6401
4642 9458
3447 8001
324 9033
7016 8530
1703 9532
6905 7939
7594 3033
5309 9962
6696 7777
3006 4581
1778 1931
899 2336
1300 9424
6217 2659
7568 9783
834 428
2212 488
5577 8900
8937 1824
9532 4640
2775 6947
2351 901
733 144
3929 3078
9967 3385
6405 9040
6552 1622
7832 5529
96 8178
5064 2385
2513 8532
6246 9759
1846 1842
6603 1174
13 3808
8512 9575
7070 1401
4170 1354
173 2120
5887 7842
6704 2366
2279 5076
5227 1690
7665 6439
2085 2262
439 5843
9177 4193
2384 7312
2685 2769
2816 4244
8134 7635
4444 5914
4638 8778
7770 8853
2779 7523
24 8791
9906 9205
6971 3385
7586 3192
4635 7389
6027 7547
9511 7167
2062 4698
5067 8623
2104 9179
8692 6019
6339 4228
7702 8846
5931 5411
5514 3525
9118 1530
3377 9268
9489 8846
2547 7924
3005 2004
4677 8594
6444 2374
3391 9227
9533 8168
341 4646
7095 770
6368 4025
6585 753
864 6238
6799 1447
5602 7010
6510 4225
4658 3755
5753 2567
7556 2126
7357 5791
2212 8397
8286 929
9882 647
1583 9152
2461 2951
3358 5633
1497 4868
7009 2189
5938 2065
1774 4492
1345 404
8872 8179
4275 8790
220 8309
6777 8722
9076 395
8722 2967
1916 6961
3539 8023
5346 8833
2361 8231
9567 9700
5816 263
6730 581
6983 1577
2709 310
752 9341
6520 1597
784 6931
2670 2601
540 6726
5790 7861
2856 2429
2081 8658
3050 1609
4403 3785
2453 1003
3676 1044
5020 7264
6954 3161
6372 1403
9788 156
6344 1877
5276 6767
3628 6324
5097 3909
646 4449
1516 4844
5172 7712
994 3124
137 1301
5129 7084
201 1262
6974 8939
6397 4690
5980 8844
4194 2491
6887 26
3112 1455
9480 3747
3024 998
8865 8648
5938 4469
8670 2121
7138 8862
6995 4104
7950 9023
7390 1127
9971 8733
2840 5055
3742 5590
6913 6510
4614 9974
4983 510
2833 8453
2718 3485
9486 2670
4021 6143
3923 611
8801 942
2345 9940
8883 4277
4585 8321
6168 3301
5697 4235
8054 665
5839 2409
1427 7948
7893 8272
8919 2906
4526 5881
8868 4633
8185 2189
2393 1496
3759 377
5137 7638
3587 3972
7143 5283
2037 850
3172 9221
2237 1279
6850 9185
3718 6313
4513 7516
5898 9263
7622 9840
1358 2315
2508 877
2609 7230
8935 5915
2202 3799
1086 1761
4437 138
4214 543
7089 1937
4445 575
2583 2053
407 1740
5601 6155
2140 7149
8370 9984
1895 703
4491 2750
7126 4242
1412 837
1850 1160
3270 7175
6927 4083
8484 7035
7012 6714
8398 127
2902 3118
3525 1119
2642 340
3548 5776
9466 7078
6246 3847
1977 4357
9866 1258
980 4218
5181 4375
2804 3883
7746 2919
8030 3700
1554 3321
931 3113
8730 1219
7932 3439
6620 2983
5292 5574
8985 3501
9566 4224
461 8666
7058 3306
7632 1265
7320 1805
1121 3106
2915 4031
1819 7419
7000 9123
2495 7208
1014 1075
323 9441
5621 8353
5389 290
6001 9765
7480 2639
3903 7882
1871 1320
156 2509
1122 8580
4464 9021
9337 7261
6395 169
9301 4274
7266 4263
2603 1927
6268 8945
9789 5326
9543 8624
8777 615
2761 9401
174 6057
2445 3708
1616 8115
8706 4454
7402 3837
4694 8052
3451 9195
653 6141
1588 782
3482 4193
7958 2360
2378 8448
3473 6383
4163 9949
9933 7340
4509 2216
5498 9891
7860 4135
8608 3272
2688 8756
2383 6267
7410 2450
5124 6845
4825 5357
296 5850
2394 8043
2334 2309
5897 2536
8371 428
2545 2708
3361 3435
4364 6259
9547 7661
8465 6044
8032 508
7201 8509
1976 28
3531 1389
8147 2849
6219 3117
2367 5465
6488 8932
9873 1042
6831 3134
7796 1238
1848 228
1046 3279
132 6535
7599 7824
7173 1216
937 4826
2458 5468
8957 2716
1191 4411
3060 9848
6760 4967
4600 4806
4985 9497
542 5032
1138 4229
2399 3666
703 2107
7073 4070
7951 4693
1241 2043
4471 4224
5354 3672
6075 1494
8850 9649
3247 7765
6053 4368
4831 7311
2229 5360
9628 7491
1868 576
7856 42
8851 3477
1024 2393
8762 9517
7103 2334
1092 3853
9654 9050
4897 8768
1378 503
7974 5378
8244 1695
6486 635
2402 8504
4781 6010
9329 6956
5470 5644
1490 2206
5327 1686
1446 3923
8159 240
3241 5047
7633 4976
6065 4472
3308 812
3822 5073
1009 5199
2501 2177
6566 4538
7093 4701
919 4415
4422 7975
9678 7115
467 1735
3003 3036
3165 5210
2136 7479
8986 2489
417 3888
1116 1852
9506 7437
1042 6140
669 5605
8167 6068
9106 8171
8954 1880
7794 1035
9511 3408
2943 0
6260 3459
7694 605
1032 3803
6549 3861
665 4523
6895 8110
3228 7552
5168 7073
7179 1810
9150 8689
5661 5928
4405 3690
8967 9170
1893 9392
5074 4445
3201 4643
4220 527
3674 1240
4601 4492
877 519
3527 4981
5799 6790
6027 3401
5130 7514
2628 8514
1914 4188
7967 1608
7122 5030
2061 9514
2165 2540
9625 632
634 3490
7999 4941
1000 4901
759 1769
803 3805
3574 163
8993 7589
7531 3638
7297 7643
7983 4374
886 9656
5361 5515
5037 8887
5188 2953
2163 5825
530 2132
3936 3608
4862 6967
6611 5750
7076 8024
8860 342
9874 6993
2525 3647
1132 8353
7392 1785
2548 9404
9373 2978
8996 4663
6746 4659
798 2243
5439 4168
7418 6736
5501 1387
5148 769
2620 8465
3939 2119
5557 7605
9442 5590
4164 9263
7797 7380
4912 6545
5978 4882
1530 1536
3004 2092
4663 5143
907 52
5122 4328
5611 5032
4647 4023
883 1428
6028 5618
5993 8089
3485 5011
3693 2409
3291 3200
2751 6495
9054 4122
4712 5967
4424 7208
1517 7829
8441 9213
7751 2998
7602 6382
6630 9442
9024 6408
9670 5420
5461 5490
8675 8530
2817 2318
9856 4836
6464 3322
6089 1057
8409 9311
9070 7636
8364 56
7581 8720
5626 571
6071 4787
4713 3560
40 1392
9861 615
4136 9712
4203 9449
2769 2837
1558 4779
4569 7223
1025 6635
2927 1786
7856 1257
5042 2310
8520 9012
6859 1531
6419 72
6342 4953
5734 9135
9107 2398
9985 1524
8022 6690
1989 7834
6266 3905
6332 6138
7543 8230
2388 6498
6987 6227
594 2830
3671 3442
3949 8648
9216 8204
3924 450
8587 343
2683 5740
6754 7547
2506 1806
2417 163
7437 7358
8504 5885
2588 9418
7090 5546
1683 2333
6455 1224
3879 2019
8247 3263
3914 8056
8330 4284
5711 9474
6919 2349
5208 3205
1059 5996
846 3209
2621 8590
4471 1398
9932 9979
5679 3554
6059 5030
7530 4216
5514 9000
460 1544
6250 7041
5185 1839
9633 3070
4963 9352
8207 2776
1318 5150
155 3678
7343 1628
7637 6385
4819 4616
5681 7313
6373 803
7515 1343
9775 4683
3705 9065
3309 6185
6061 3218
1748 7828
2179 8016
3698 22
424 4811
9155 7945
434 6695
537 2906
3878 2905
1290 7106
2177 8811
3528 8758
3978 3151
532 6539
2800 6790
590 9309
7853 3149
4239 3456
8591 6222
9939 4088
313 1583
4063 1299
5448 5969
6757 8708
9553 7685
9195 5371
3633 6796
7714 4949
8570 8131
8810 6668
4333 5429
1604 5928
5343 3244
6517 3196
1146 8812
6574 5047
5076 3411
9071 483
1987 1779
8672 131
898 84
8953 2815
7096 8783
9651 9890
8482 1640
1118 7900
7598 4288
9448 9026
4204 1909
8271 4859
5311 4635
654 5871
4758 7608
6738 9136
4600 5151
6079 787
4696 1512
6856 796
5559 275
1840 3028
945 7778
2460 2035
9186 4905
1316 2909
633 8831
6468 4379
8876 6325
6003 3891
702 1705
795 798
4980 1807
3961 3495
6480 7201
3670 8013
801 194
5970 1086
2153 8066
3157 9678
172 47
6960 2851
7418 7910
337 2174
7548 2647
8350 9546
9944 7943
8110 6150
6855 186
9413 9133
9338 1209
9212 535
4990 2910
5413 6941
2930 6119
3193 7786
2410 7542
4969 148
2312 9750
2914 4762
9336 9105
687 5100
2610 5392
7997 4680
7147 1966
7330 7547
8132 7455
5138 5781
589 6355
6671 5043
8317 3096
9500 8466
1236 692
5795 3083
4126 6249
5303 10000
642 5309
4716 3993
42 987
6126 6821
5408 8495
3184 2941
6711 4397
2914 1662
5314 3656
6521 3273
9328 3403
1355 7226
4302 5115
8709 6504
7861 2986
4341 592
2644 2078
686 3724
7811 3361
9303 1306
7433 1557
3558 216
9175 9198
4425 9534
5265 8190
8683 7666
5704 6296
6298 351
6885 3664
9676 7916
4942 5473
1576 1278
9257 9003
4382 7922
8523 4569
2113 7851
7137 5757
4284 1479
6039 6075
9303 1116
3911 2672
7678 5773
5446 7402
9194 2417
5514 5094
5857 4212
8984 2688
2600 3563
3977 7353
7499 5070
8561 470
2843 7683
3040 3452
5488 6117
703 454
1866 8732
4410 1853
5074 2894
6503 2256
9352 5269
2389 3210
2229 6149
849 820
3914 4361
2053 5942
9437 9615
1465 5072
8427 7650
6767 8523
5705 4023
8170 9232
5710 1859
8902 9493
672 7662
7897 5787
4049 9073
1773 8309
321 1174
6621 4065
8721 8285
9397 9051
4584 6887
3179 6091
6195 5312
384 1027
4651 9082
1748 8716
3712 8912
1918 8374
9244 5654
2427 7667
2628 4822
6604 9899
5484 112
4852 9175
6791 2746
9649 4851
2273 1590
9490 7378
1766 8100
341 1493
1441 496
155 1933
8715 1760
7447 6278
2152 6867
7658 2231
6351 94
587 5814
1781 8625
6576 2419
6523 5022
941 6675
5135 6920
5617 6877
7880 9579
6798 3997
9155 9104
7968 8723
7339 4707
6012 189
6932 5179
5181 5221
440 8531
5839 8554
56 3254
6094 4239
8456 8320
2834 9683
760 5888
157 2682
189 8993
6799 9917
4138 1252
7546 4709
3182 3100
8116 4866
4563 6448
768 1602
7304 6316
1882 3128
1540 8881
2432 3567
6188 313
7187 9924
5616 8153
9298 5580
8039 2533
1697 160
5110 9214
8269 9907
7371 7884
4507 4982
8106 6956
8538 6911
9504 2992
9395 125
4270 3988
3582 7815
4363 3720
9654 9986
6935 6503
8270 7301
5827 5178
1499 2522
8311 5248
8411 4103
2692 4912
888 7030
7071 5610
3837 964
2761 1150
6876 7586
3436 632
9073 7130
4709 2712
4394 8144
3577 326
8394 5357
3779 3941
5602 5277
7711 7699
104 6089
1389 933
1502 3300
485 3365
6276 1897
9366 6504
2996 1829
9436 2879
3994 7715
499 2709
291 2905
7767 448
8082 2012
37 667
7233 409
2430 9858
2731 3126
2110 6651
9465 7385
6769 4795
209 5123
8465 13
4142 1323
6434 6257
5367 7845
1761 5179
1438 7681
5289 2050
6007 5487
6153 8591
4480 6185
5174 9046
3436 5366
1285 8787
6147 8742
1650 8111
54 961
8301 9260
9092 6479
9663 4039
329 3531
3156 555
4800 9346
7672 3834
2725 8494
3916 924
9684 2464
6747 8328
1156 4856
8589 4448
9526 4215
8764 2844
2672 8840
5466 2461
2429 5204
9459 3450
275 5552
9320 1096
784 2264
1828 4155
2829 3715
3147 8655
3023 7425
3196 7982
538 8536
2886 7286
9831 9416
8168 8085
993 7747
2108 7059
2928 2952
8409 3400
8866 908
6617 6853
5346 2826
7067 7213
4699 8529
1820 4214
8543 5190
9938 5139
4778 6070
1325 562
6214 4937
6904 5950
6085 7222
8450 7760
8438 7413
5183 700
9650 1454
4236 192
5664 179
1403 7709
5262 6200
9598 6309
2965 1568
6047 9543
1053 481
3777 4674
2304 5789
8274 2832
2736 6240
3780 1077
6577 502
7284 8632
6355 5954
2540 1926
2839 3163
8393 4430
8863 6081
5074 3665
7136 889
5776 2678
4969 2573
6297 2510
6775 4651
778 9413
4034 799
1833 1979
3269 6011
596 8836
7341 7442
1881 1667
5375 1277
7626 9960
6463 3712
8967 6162
3166 1355
5587 9423
2168 6842
3368 4332
2454 6795
3913 3002
6865 5295
6664 6576
7152 1373
6876 9149
3881 1207
8036 7397
8511 6474
5456 8333
4517 1932
9810 4326
2086 7900
1855 1589
7704 4418
8723 7566
8993 3896
4491 3595
2626 6106
3232 6502
9888 8638
5892 8037
8244 3462
9049 5420
3887 6985
3813 1668
2651 2666
5149 3589
4818 9360
984 758
7075 5247
9475 9905
5610 4061
6061 5525
458 1112
5222 2639
4488 5007
106 1661
3718 6039
3441 5948
3990 7926
1074 4963
8203 2940
9338 2631
2528 5975
8210 4802
8948 1124
4698 2106
4689 5351
9315 9565
367 5209
8190 6703
309 718
552 5646
2806 9741
537 4095
5804 7016
7443 2323
258 2147
9213 7248
1036 1901
4047 7960
6238 3766
8725 4804
4207 2585
7520 9582
1559 2865
1014 436
6181 7173
2968 5726
9369 8627
1060 1196
9403 9393
7031 9959
3739 7961
4750 2554
1738 4410
4227 6445
6121 1731
104 9685
471 7214
9914 6256
5583 7763
5473 2416
5788 7704
500 872
5358 2350
6169 4407
1159 7223
906 5572
7850 2933
9133 5373
8358 2980
579 7523
7320 7591
9005 8979
3418 663
5313 5501
4693 521
883 1636
9879 7071
3866 8751
2276 7309
2174 2789
1664 5116
8688 1613
1794 160
3161 9301
3123 2509
3256 9337
5543 2368
3160 4167
6366 7583
6576 4600
8014 2652
9429 8043
9378 4850
7491 2165
5669 9722
8271 6427
5344 2144
8615 9246
907 1637
1254 5162
2370 3231
1026 6390
7082 562
9997 8021
195 7812
5224 4211
3222 9482
796 5608
6602 2666
5894 1332
1924 3407
9520 2076
3557 9478
1693 9467
1777 5229
56 4062
9540 4650
5347 520
7250 3738
9454 6169
9053 106
9998 4904
5542 6085
3304 7662
1805 9157
8782 3596
8933 1846
5800 1900
9155 7701
8263 4213
4381 5041
69 3122
1315 2235
907 7747
9088 5819
7308 5083
6273 3131
5660 9545
6829 3888
9397 7157
7362 7994
2848 4476
7481 715
6043 5211
7042 4900
5422 3616
6842 5136
5883 5633
5944 6783
6035 8539
7600 8994
4142 3474
8216 2102
7244 4995
7327 7161
7537 9255
1669 6688
5440 4680
8888 5881
9817 4221
6718 9140
7911 817
6250 445
230 3910
6406 2849
6991 8445
9923 634
3359 7088
448 4887
9892 6076
6116 5925
3397 3490
373 5778
9105 3778
2418 9448
5988 4650
4861 8205
3301 4855
4563 1343
6612 4383
1514 5593
3054 5775
4082 969
6909 9358
1752 7636
661 4971
8364 4553
6513 1558
2577 3462
164 5261
738 5755
9514 4487
9941 9448
2966 5799
2505 137
9479 9055
5738 8939
4218 3276
375 833
7175 320
7149 4036
3981 5344
2403 6780
6350 6100
7474 7663
5169 582
5429 5542
3562 1643
8073 6059
5295 888
7378 7442
1465 8148
1969 4232
6641 4599
9679 6910
5247 9640
248 857
8669 9455
1920 2413
3724 5685
5968 1334
9186 7467
2330 5513
606 8251
7259 2499
7656 2775
2101 3356
8048 1560
5508 3802
5458 7058
6961 2552
1565 8683
9506 6965
5142 2658
731 1379
3789 5313
5525 4708
6690 4123
8654 2331
1430 8320
4541 4958
7136 9145
3007 6963
9802 3161
5872 8738
1012 5706
1585 6953
6563 7672
4453 1622
3408 8403
5694 6098
7953 9368
7294 8842
9075 9170
3022 9940
4471 7504
6547 9465
7335 2017
1459 1106
4514 8622
4365 9307
165 1492
8785 7204
4548 8439
2922 1473
6552 5131
8771 330
7747 3706
4356 3683
8613 4143
7216 891
9683 9981
144 5038
3474 6338
9467 1367
1957 1321
3688 3163
8594 9002
4316 7900
4111 2060
8786 5466
6813 1700
7753 4831
4194 2367
930 4615
8046 3320
6546 3446
6559 4938
3360 8916
2531 5336
1553 9522
1587 4711
8672 4565
3287 7336
261 8370
3318 1783
8312 3267
7780 7196
6020 2976
1404 1150
1345 1483
2719 605
3810 8770
3521 1441
122 5285
3085 7673
2594 2334
6150 6597
123 3841
9649 1544
2838 7060
1626 4038
524 6271
3189 1239
7895 2844
5904 8550
5202 7235
1499 7699
4998 7063
9726 7885
7776 3123
7999 27
9269 975
5201 680
5340 20
7635 9176
1597 7754
3032 6884
8536 2688
8896 296
2193 1407
6616 8961
9653 6327
9156 6649
6749 8140
5196 360
7009 2041
6032 4371
8725 6625
3578 5422
7707 5187
3187 9212
4336 6605
9034 6845
1421 9313
6992 9350
2016 4601
6762 4530
4602 5442
1 3123
3844 501
8644 1072
8330 5744
7002 9329
3348 1204
6586 6374
576 9733
4181 2557
698 8932
9074 2035
1471 581
394 2429
2944 8600
8389 65
7594 1322
8044 1928
7386 7958
875 5061
7853 2468
9217 7320
3493 8411
7270 2399
634 2332
6368 3145
3344 7535
999 5622
8987 7335
8767 4499
9874 854
5085 6487
7664 3622
1904 6481
8962 6089
2178 3325
7924 9902
9215 1918
841 6657
3960 1111
1787 8825
424 8572
9695 7335
8532 3356
5519 9692
3112 4948
4188 7683
9530 9837
1171 6703
4952 6572
5811 9011
3950 422
3318 3956
9251 2609
9910 3900
5930 4313
3815 4920
3308 209
9606 496
4042 8630
5903 5363
3070 2464
5942 2431
1180 2548
4053 4794
4897 8777
4862 7436
6952 1011
1205 6132
7104 1688
5760 3769
8673 6932
2634 9906
9738 7447
5179 5468
6768 3357
4503 8023
1367 4820
7262 5922
9172 5077
1537 9243
8670 6136
7584 2365
9663 6589
9602 6020
3188 6284
41 3313
910 3254
4760 8956
9333 3084
4369 7296
2302 7341
7796 8768
3672 7658
6978 5527
9499 3173
3830 8824
9405 2848
2275 8895
5765 3209
2462 1709
7011 9536
2805 2147
8427 6268
8660 5856
8458 5124
4056 804
6349 1021
8166 1225
160 1056
7950 3709
6885 3298
1264 5009
6208 3520
1022 9503
7800 8695
4192 4184
6306 5534
6803 7746
3278 3354
4853 6358
4960 8124
6092 1149
7468 6325
7786 9528
9844 9045
7594 6358
5703 7063
6874 2106
6127 9676
1094 3392
6262 320
3093 7057
7946 5593
2829 5055
8842 9019
5203 4188
8420 1574
9698 8134
1834 6846
1911 8189
2933 5901
9451 1968
1540 791
3077 5759
4883 2879
5487 6813
2657 2204
1286 8983
255 4531
816 5386
8731 7512
7253 1011
8679 6397
43 9674
448 5290
1632 8103
5907 5124
9318 7505
3903 2227
3832 467
788 8444
7370 5092
172 8603
3468 3033
3728 4925
1209 6482
3685 3403
1635 6864
1614 3035
176 553
8464 2905
5465 2567
7961 3382
1158 9790
2189 5316
8551 1696
6005 3445
2703 5028
4348 3208
62 8720
2291 5448
4986 9174
1206 4839
7670 9397
7252 8067
6041 1019
8034 7402
8395 4915
8214 4362
8361 5962
9582 8060
3316 3012
4413 3288
8197 1496
7100 1989
73 4470
1923 3350
1836 8574
1984 4863
8556 6214
4060 2171
2771 6042
4048 6916
9686 1420
5129 360
110 2457
6493 7564
5656 6417
7264 2179
619 5912
9085 2881
418 701
2410 5767
8030 4838
2852 626
729 7202
8309 8516
5339 2742
334 1898
5714 2285
5296 7758
5428 6840
259 9220
3788 8659
8954 7217
9984 8048
5064 8659
1440 7370
2346 2922
5381 6281
7508 7479
4661 5294
3532 7482
6878 6852
1247 386
3618 2460
194 1033
4533 9999
6087 5603
9361 8396
5736 8067
1871 7533
437 7213
3190 6174
4202 4101
3987 4720
751 2406
9295 239
5623 7333
8452 4044
6535 7611
9853 2910
2788 2182
6094 443
345 1924
2824 8120
4914 3921
8249 2933
6510 8100
7331 602
8942 3292
5394 2778
7722 8762
4188 3726
928 4530
7666 8259
1033 9589
9170 1975
4121 5470
6762 974
4894 2011
5386 6405
6749 5885
7480 4660
3169 3248
8407 2637
7614 9958
8188 1572
4705 4298
4136 5099
6712 587
6096 5547
3163 6480
7044 2532
5575 8554
7725 2133
7051 3762
5728 7364
2214 6050
7834 1166
6297 2464
8303 3
4443 778
4749 2255
9165 5543
5250 5823
4312 2965
6957 9411
9737 4821
838 1790
8750 8570
9464 9044
4503 631
5865 9465
4094 1890
922 8705
4903 6564
7904 9220
14 2937
1035 7806
1169 8189
9005 5278
8429 5154
1406 7492
8684 1285
955 9704
948 502
2658 6229
917 5442
8244 8759
947 3721
3349 6965
4449 9807
8585 2447
2106 5822
6181 259
5576 8363
8602 5498
6291 8723
2269 1009
8213 1192
6637 2946
7481 3755
6003 7216
7500 162
7204 4090
4650 5392
7193 593
661 931
968 2416
9613 9104
3800 5058
3160 2501
1424 5165
4458 2046
8250 7917
3078 1314
1986 2429
9148 8070
865 3286
2160 9381
1178 3635
2791 1846
7226 2228
8527 8519
6826 6550
1136 1217
8989 5316
1938 9574
1824 8752
9600 9232
6980 7698
8944 4751
6382 9896
2775 9118
9676 4184
3503 1223
8649 2281
9654 8428
1964 3217
3991 5384
5939 5253
912 5081
8772 1827
5463 2516
5707 7070
5168 3256
2018 1901
8889 4756
6100 2040
7082 6605
4677 3246
7118 440
8559 4579
2884 3033
7754 1238
5176 9580
7472 6310
149 7861
2708 9823
5041 1956
2820 6976
8867 1466
2525 7436
391 2889
7584 4682
6184 8359
7839 4677
6157 7892
9796 4504
904 3168
1209 6064
8520 1746
1195 9138
4940 6926
4891 852
7590 3202
1070 5031
7745 7342
3852 4679
9982 5743
1632 618
7457 796
2586 7043
7742 3339
9847 7415
1901 6884
2361 2761
4225 3838
9326 9419
7069 7173
8144 2167
9014 5611
4603 8728
6504 4755
7632 5416
7275 8120
3644 2459
7324 5754
3554 319
357 4500
3338 8327
6257 5060
3495 4770
3970 2771
3897 842
1226 4472
1792 4020
3985 3854
5705 858
3012 6173
576 3059
8307 334
7435 9330
6445 314
6753 6344
5524 8801
7865 9888
627 1318
6427 4131
5084 6008
6171 6929
3466 3369
5510 9121
755 1443
9326 6194
9616 9816
13 298
2459 8245
4799 7815
6875 6515
1501 1153
7977 1664
2556 3528
6526 2121
4742 9936
9788 803
2821 862
493 1443
9222 5083
490 4449
8031 3705
504 4554
6618 6904
2721 4382
4143 5597
6242 8151
9263 2275
7785 2603
7752 6178
2033 3510
3213 3867
5466 5580
5668 1674
3108 9967
1010 6278
6868 4122
9810 2874
2348 6545
7531 4781
8824 8046
9526 7667
4368 6300
7960 5574
4849 898
4579 3566
6134 6604
1253 1098
7738 3375
1872 992
8436 2451
420 3464
6028 8223
2688 6474
6044 760
3758 4158
2852 1339
6551 7973
2588 1545
150 4010
3181 5813
7402 2380
983 2690
7437 9493
4571 4911
5598 401
5646 9991
546 6569
7192 342
2009 2970
6631 9990
5793 402
7026 6035
7114 4082
763 4644
6059 8717
3112 1062
2494 1986
1924 2025
6181 5941
3021 2862
4551 7934
6064 7660
9852 5271
4781 5180
4736 6158
8198 3262
8918 3054
1016 8631
5842 8285
1618 9126
9211 7877
9426 3951
7587 7846
4949 1643
4186 3944
7869 7458
9798 4953
5866 8335
3882 3494
3638 7866
1229 6655
411 7984
4188 5788
6359 3699
9054 2940
6957 7348
560 9246
903 3249
766 1846
2446 8857
4891 5211
7919 8506
3253 4299
5864 6032
9559 3121
8381 8499
2511 8073
3414 4315
1116 9228
6914 6351
4555 6470
9620 1682
1166 2356
4659 4896
1553 9319
2453 3636
588 9398
467 3841
2062 8210
1940 796
6112 6506
5812 9384
1035 9032
8497 9026
8447 4766
5704 7983
7692 5121
7723 9482
1371 9631
4955 8021
3299 9615
3552 3207
3860 6739
9491 313
4148 8384
317 9618
1639 1500
1336 8460
6953 68
9119 474
9220 9845
5050 4270
8205 4533
2079 7931
9075 2532
4403 4193
1130 7341
3257 647
2184 241
2644 7
9456 9569
7612 6344
4220 1768
4020 5642
3166 9213
2399 8853
4579 1185
3155 7472
1272 3376
7853 5207
7857 6573
25 9114
185 8777
5509 9050
7474 4210
9939 7903
6351 2288
3806 5020
4145 4820
9492 6977
9297 5011
6717 33
5902 7061
8063 7054
5289 370
5762 3109
3592 7206
1733 2221
2262 8208
7712 4315
925 8938
3220 7486
3404 9642
1174 1898
9683 1732
9198 9120
9320 1638
1615 8858
2229 8311
8875 3297
438 7388
6982 7720
9760 5998
6081 7752
1212 6464
939 5841
3177 2340
4941 4863
6359 9435
1331 6572
2711 6326
1960 3696
3390 3630
6943 1436
735 9404
6428 7812
7803 8632
4512 1550
3513 8668
8996 2048
1081 1507
9772 3972
840 447
5847 3275
2916 9546
1099 7147
5975 6878
9902 8089
5040 8444
4172 9291
9369 6631
2601 6411
3229 3737
8739 9368
8858 2652
5297 6779
3394 4290
5748 3781
7784 6925
9885 3245
2950 1291
4385 5278
3542 810
8910 8880
715 7283
71 4673
6439 6759
7904 7747
9096 9232
6637 746
4873 5552
5339 1804
1160 2872
2030 8950
8156 6773
4210 8807
480 2491
4021 7069
3426 8734
683 9770
949 1260
6166 7373
8831 8819
2812 7968
6364 8178
9680 1914
3548 8690
3436 3793
7866 6622
6246 4056
9742 9660
8033 5544
6842 8277
9225 5600
3467 1055
4273 4555
3582 8856
7274 8802
5304 3052
2123 8625
447 2419
357 1137
1632 9000
4889 8493
815 5262
1592 6134
7458 6479
2167 9520
8236 1074
8303 7688
1875 8030
3162 6028
3825 740
7314 5698
2001 7377
7570 7830
5280 4032
6915 9538
8455 9497
1756 2611
2711 3191
4637 6100
7134 3342
3830 5656
8356 8514
9568 4420
272 759
278 6482
6111 4643
5529 8013
736 2762
7152 2274
7858 7378
4825 2844
4878 6566
6189 3892
8202 175
2449 1430
4215 1199
5969 8811
8387 3439
6954 9942
8504 3161
1580 8269
3589 813
2528 4076
257 1638
2461 7566
2946 1533
7198 1571
505 6967
4778 3036
4322 2320
4775 5118
8773 5050
615 230
7043 3034
4798 3241
4477 7282
5695 5478
849 7838
3059 9625
8874 6849
3293 5077
6201 9480
6706 6193
4069 2398
6615 4412
1074 4534
8391 5364
1974 1907
2889 6216
3363 941
793 4370
8875 9620
7319 4716
1326 2324
576 8319
8765 4865
6247 8942
5693 7379
358 2761
5084 3886
1774 9829
1147 6386
614 1212
274 368
3937 8707
4566 4374
6801 9567
226 9852
6617 9910
738 4173
9682 7764
35 7990
941 1126
8663 5219
4951 226
1279 1078
9609 8412
7951 6113
1771 8643
1733 7940
8816 3878
9994 9196
8755 8126
3467 7613
714 9794
9210 3427
5271 3106
2928 158
3405 6840
1543 7647
1268 6145
826 7969
3775 1994
9840 2613
6279 9783
9597 9493
8643 9776
1841 3486
423 5026
3644 6921
8896 39
9006 3603
6592 4921
1111 5089
4678 6348
4616 7627
2628 9062
3685 4038
7267 2986
5354 8077
9667 6631
8102 8287
9251 5295
925 1900
8330 1883
6237 4267
1188 9907
6438 1873
5440 6992
9425 4258
219 8688
5589 252
9062 6181
862 3319
971 4868
7049 886
5434 7186
1650 2926
1665 9277
9369 7874
7553 2155
4327 1779
3775 8316
6404 2790
1082 3736
9955 4521
6111 7142
6908 6074
4129 1160
5373 7105
2056 5078
1995 3635
2409 4947
1157 865
2869 6876
8925 5147
9867 6278
357 5749
3584 1373
9055 8014
1173 4270
6752 426
1176 7218
1500 4598
1047 6456
9177 292
5585 5761
584 4901
9240 6501
8956 4379
8683 2410
6878 9789
2061 9835
9367 2790
9393 8587
1380 914
1665 8428
2676 6400
1232 6009
4384 7052
9510 8904
6807 2589
7917 9940
8571 2255
6091 9911
7943 1495
6605 6114
5820 8089
9718 6753
1325 2146
4629 9622
5217 888
6736 2404
1464 1768
4507 6620
2722 8045
1558 9376
9982 2157
8154 2319
9812 1492
7904 7003
8748 2836
378 3411
5763 8115
479 6421
6302 8659
1520 2537
8143 4976
8712 8109
8655 4817
6208 4774
6718 5373
3504 503
9417 8285
1153 7795
8013 5952
7596 5121
7083 3653
3977 5777
220 3724
7369 6216
5794 952
8774 7259
5617 34
4593 9333
5970 7292
2509 1978
5907 4027
2087 6941
1617 6617
8987 4029
8013 1572
1432 2045
1500 6914
8356 6949
2485 7921
4516 1499
6982 8567
8067 5599
8691 2402
4204 7872
1292 7728
2955 3044
849 6886
7108 6530
1599 1041
1464 4488
4574 3477
7952 8151
8151 2603
2902 4566
3260 2830
3222 641
3544 3545
7342 1381
3631 683
649 703
5698 3159
9538 4772
7937 7543
5851 128
3034 5035
9672 8805
4566 3869
9792 6422
2053 3282
7416 7828
9139 1290
6277 5290
3225 9942
4906 7366
1320 4018
9595 3126
2695 8745
4855 3721
5336 4164
9274 6460
5248 9046
1396 2332
5479 3636
5076 4771
1183 7379
87 9239
1258 2803
9371 5631
3353 4906
6892 2680
6528 2973
3913 5867
6821 9621
1070 2855
4405 1899
8689 4640
5210 6831
3775 6706
6178 2739
7579 1642
850 2981
3086 5602
3268 6869
5147 9810
9108 1312
3982 8370
2435 3904
6305 359
8171 8442
7604 4562
540 1851
5916 1322
6431 831
3844 7691
44 2540
6137 3109
8629 8293
7548 9046
1472 9372
8196 8886
2203 7555
9866 5071
6427 7971
8538 6252
4741 1810
100 9765
5789 9278
7237 1027
2498 9539
8164 541
89 5676
1692 8384
2359 2674
1460 3123
941 768
4996 54
1632 2788
2240 885
9812 1819
9706 1465
6735 7899
3275 6239
3097 7649
3582 3541
7648 2421
1608 4645
560 1348
2867 1223
9129 2716
5653 6418
8067 430
1323 8158
3253 8688
1640 7361
1384 785
4418 7809
4139 9803
3593 7400
1369 1349
2437 9344
2638 4087
9482 3931
9826 386
3268 9625
3459 836
2354 551
1751 1266
2316 4759
2347 8070
9652 1161
1479 594
6832 7936
3437 9855
2244 8304
4252 7515
5318 8947
9756 1673
4401 3484
8653 6689
3225 3727
3994 5617
6064 5332
2272 4494
944 3399
1079 5525
494 3269
3602 7357
8969 7186
2085 8871
3947 4479
6898 1242
2995 6227
7675 1265
4432 2215
140 7331
9168 3218
2465 3283
8981 8234
1934 48
3269 9094
2949 5078
2184 3739
3826 4842
2679 3447
8814 6698
9187 8913
8627 1984
5073 8850
5590 4637
7858 7922
302 9874
6923 8874
7812 2844
7108 5903
6271 1469
2471 2696
2670 1859
694 6190
2390 7761
6056 691
1890 6667
4320 6475
1380 5642
3944 5645
6677 257
769 4012
3932 2240
6119 9221
2800 1077
3818 8006
6668 9474
9136 2944
6944 9965
7545 7883
2357 6309
8834 853
6693 7997
6480 4117
7954 8177
8314 2336
8069 507
2036 329
6023 5952
5610 1807
3524 8664
1943 8629
3614 9267
4893 2703
8218 9345
7197 5490
2480 3024
4845 2460
8441 6083
5733 548
2914 4342
7455 6287
468 8354
3039 5729
2274 6093
412 3511
3514 7559
1427 422
2385 8977
434 6369
8359 7842
1159 3110
1746 7043
739 9441
8836 652
5631 7645
7544 4348
327 7344
7220 342
3453 8389
2831 6670
4015 6562
6220 8978
7644 6049
5924 1846
6538 8137
6249 6721
5081 8559
8868 3906
7405 2263
9984 7486
5834 9385
4843 813
1057 6169
6537 6012
1239 9179
1465 8168
8031 2286
3939 879
350 2465
8604 8262
3586 1652
3619 1913
553 8263
4539 6014
8068 3062
5273 7429
9967 479
8094 7043
5388 9619
2355 8245
1501 7592
1929 9673
7941 8056
63 3870
2704 4377
7534 7854
1282 8247
5669 7098
1328 3412
592 1663
2105 6080
83 8375
9592 7533
4922 8840
9764 7076
4595 4438
1978 7315
1191 2053
7230 8789
801 4525
6935 9655
8942 9553
304 9548
1347 773
8201 675
9682 5023
7990 6334
944 1590
7128 3286
1431 5848
3189 8439
7828 6812
5658 5270
5004 9457
4799 7356
7224 5877
6427 1121
1782 7197
4152 5952
6872 1392
2050 7702
3775 6116
9320 9831
5159 7186
1707 432
162 2862
1527 911
7304 9929
4865 537
6605 8447
3874 4448
6929 7834
4892 7219
1146 4104
7050 9897
7007 421
8230 5854
2367 6052
1606 7298
8289 6812
5257 5481
7552 7135
3146 6393
706 1506
4061 1929
8561 6281
166 5584
1138 4459
2283 7510
9107 67
6759 7799
374 8163
1309 4502
8367 6085
9036 3567
3840 9496
2620 5717
3578 4257
2544 8631
8557 237
5294 6046
804 7191
8879 2270
2062 2883
2418 9820
9571 585
2468 8731
2708 9871
1190 7750
3619 1600
750 4750
3219 5224
2783 1488
397 6348
308 4384
3712 7465
2589 5551
8875 1874
4588 8546
2591 1976
9942 179
624 2916
5374 9576
955 2786
2721 9883
9405 9974
2038 6864
2549 4750
3717 3910
4742 4180
1 8099
708 1538
7243 7290
684 1251
2822 2946
18 9860
9333 9826
642 2788
1016 8071
487 488
6057 1422
9646 562
5610 477
6732 5349
4434 8608
4236 1778
9635 344
3828 9036
8313 8353
2051 3845
18 7190
5383 140
2676 7775
3738 6954
2879 8626
4947 2736
8672 4285
4308 1736
2766 3670
7379 9315
8899 9214
9264 1164
8490 7649
4352 3845
2197 2608
23 5849
9358 1440
7263 7998
6732 9458
3197 634
7442 7687
4192 9977
2722 3978
5362 9429
3333 7541
7874 8065
2196 9522
3535 2343
5162 1254
8466 7159
3819 2807
3442 2075
6386 8589
4910 9855
4695 7920
3603 5357
601 6233
992 5829
7821 5215
1823 5154
7946 2763
8301 1193
1078 8988
6526 1214
280 3981
3500 4032
8319 1866
6844 5685
6122 6899
7719 6965
1247 827
6355 4576
5067 8321
5301 8682
5278 9399
5217 574
9716 6564
7035 7303
2075 1190
8087 5056
4480 9623
1903 6932
12 2810
988 3275
1897 4460
7365 561
43 7494
6059 8975
9275 76
2183 185
657 4724
7416 2124
2458 8490
9858 7576
7767 1690
6804 812
3346 9832
2950 8949
1364 4886
3798 609
3012 637
5473 8933
4954 4583
2859 5295
6995 3783
5032 9980
1328 867
749 5284
3950 3326
8082 8172
8131 2698
3494 697
7296 4018
1730 8825
8960 4114
7237 2788
8509 104
871 178
9866 9543
9699 6619
8493 6308
2988 4715
1099 301
218 7346
5543 445
8245 6594
871 8035
959 6891
8656 862
7669 1471
2502 9351
6542 361
752 4392
4716 5374
8382 3038
2600 2075
1577 6236
1256 7248
6067 1992
5790 1119
717 2760
8634 7157
7844 1695
9897 5117
4374 5217
9840 9092
7818 9277
7312 5453
1635 1980
1731 3970
4396 8868
252 5211
9369 7060
2243 5946
6358 8346
4973 6715
4708 3788
9740 32
6713 6345
5980 8208
5224 6722
280 9043
4431 8785
2027 9814
3917 3257
6831 5425
9789 5245
7919 8155
22 704
8134 3896
4916 5051
5729 3926
7273 5773
5932 5894
5647 2141
9387 3679
6392 7471
4569 627
5603 4789
7657 199
1713 2142
473 3329
7195 7562
6555 1174
4357 41
511 5592
859 4002
7050 7495
382 9343
6166 6191
3275 4953
2600 5139
9201 9069
6519 4790
4885 846
7105 1823
5713 1514
3517 9564
1416 8894
444 254
9945 8636
7815 8192
5273 4046
8820 7065
7272 356
4200 565
972 9110
8876 732
4088 1765
6672 2722
7573 8224
8080 2691
6658 3583
6257 6432
6396 4087
6063 7802
5703 4221
4685 7009
8380 6713
1965 9364
8847 9055
4914 7802
3123 5554
2286 5544
509 2293
3298 6903
7217 4572
8398 1078
2221 848
6159 5186
9256 3299
8831 4016
1010 3624
4253 9536
1748 320
9142 9726
9751 9715
3876 3275
8308 2351
8744 9369
4454 1869
7276 687
8950 6671
2213 5688
236 1478
9674 5342
3192 6037
951 3427
7482 3299
661 4916
4051 8052
9708 9208
5852 9745
873 697
1605 3629
1367 6353
3503 476
3062 2800
2984 9237
1117 9735
6745 7301
9352 1092
5056 367
7781 7700
4160 2058
7634 7045
4848 413
1563 4621
7792 8920
4651 8896
95 5626
9928 6999
7679 5570
7675 7857
285 2042
2865 4174
5728 1562
2313 9277
3984 9827
3246 4601
1385 9435
4904 530
5443 8720
8540 7986
9652 6207
7631 8169
6110 8559
9091 6299
4033 7298
5458 5347
8788 5157
6239 100
4901 7758
1372 9498
2836 4951
551 2866
2831 3611
9611 4815
6802 3530
7274 1523
532 2156
2644 6429
3842 312
3539 8204
7889 7347
9757 6537
3208 4291
6844 1186
8795 3061
1403 9707
4742 7174
4222 709
2732 7665
285 4167
2275 6991
5027 1321
150 6428
2438 8332
4860 2939
9301 6209
3326 4967
2126 1715
3451 3529
9506 4219
6450 9810
2702 2379
802 4411
6250 1356
8385 7080
5784 8868
1440 7695
377 2342
9206 898
7442 7338
9260 5834
5146 344
6901 1788
8566 2782
6359 1266
4032 1170
551 9023
2574 4666
6436 3202
4417 6635
185 5469
5711 59
3164 2986
9715 7718
9923 2094
9726 6711
7501 7371
8959 3377
2757 4140
5255 3893
6872 4579
4800 111
7755 8678
1930 1379
6639 546
6559 4865
9587 1130
9153 3674
545 7272
2142 6077
9298 704
1348 9069
3555 972
105 3674
5886 1325
7588 9937
8324 7099
8877 4753
3192 5803
2783 4510
3658 4133
3624 5821
2381 2130
7599 7470
4005 5329
8369 4952
8284 3970
289 3751
4506 9557
3665 6720
5295 7983
1673 3793
5413 1394
4088 9066
9959 4096
3271 7924
4370 4131
69 3847
8398 3873
2946 6754
5433 8092
8282 8623
2435 1714
5315 8374
6929 4628
8448 5287
2484 7559
6721 9482
939 1584
3393 8776
6401 9571
5548 1894
3509 3660
3963 5425
7683 6597
1799 1226
3190 6209
5472 1675
3114 6157
101 9659
4134 1461
8016 1390
6587 923
7564 1314
8404 7153
1902 2008
6920 2302
452 5347
3564 8327
7253 8670
1212 8960
6012 3574
2862 2286
1727 6586
6605 6419
4765 3243
8032 7345
2888 6947
1888 3788
609 2183
9667 2788
5122 6055
1688 1403
4064 2910
6360 9630
8153 8170
3657 6367
2417 405
5680 9787
9760 3557
5519 6919
8230 3185
5345 6938
6107 7424
8978 4602
317 8902
4293 8441
7591 304
3060 88
6994 4011
6001 219
529 6156
7062 3128
2589 5015
366 6325
5937 7031
8567 6533
6482 7031
8167 1425
4959 5689
8486 7340
4324 6209
2992 4115
819 7436
280 6314
7914 3643
4042 4133
9941 4442
7817 5018
9726 2645
6393 9105
1906 1466
2116 2063
9008 6619
4238 6574
5960 4763
1706 6557
3055 7274
5636 8818
8530 237
2329 2470
3761 3773
9729 127
9568 7275
6566 5953
802 2224
1180 3318
50 8524
936 4582
9445 6506
3308 4313
4465 5018
657 9422
8984 3599
7707 3298
5202 7246
4502 5311
6638 486
304 5846
266 3218
273 3255
795 8129
4014 4838
1796 6072
8098 5732
9207 6265
9351 4595
3663 77
6650 7950
2751 9886
1204 8678
2182 190
950 317
3255 5700
727 962
1405 6816
9671 5396
4376 522
553 8596
6682 5959
4372 1837
5668 1324
3191 5591
836 6481
2049 7253
5609 6469
6513 6612
6060 1228
2052 4543
8442 9592
1483 7889
6208 3302
3814 8116
8662 8134
6608 6226
8001 5099
975 9294
658 6585
65 2592
7512 1640
9744 1967
6042 5417
7634 9962
8491 6153
983 541
7266 6389
8524 8742
9854 6081
7197 539
4669 851
4521 6793
2916 7137
2856 677
5692 7876
4482 7737
9372 5552
9286 4924
3533 7163
1452 4117
6788 2855
6972 9707
2760 6158
7560 7183
6981 7798
7124 2239
496 4206
5159 1958
1077 1433
8008 3120
2821 5664
5968 1435
1298 7426
9045 2830
83 4576
9071 4325
1666 9884
283 2537
2149 2994
1520 1116
4969 1476
26 3942
1156 8814
963 3607
181 3300
3247 357
5925 1114
4332 4504
8162 5636
6955 7509
4566 1441
1595 3799
7186 5165
5458 7024
8897 6593
5537 9343
9997 329
3396 5561
5533 9182
534 3873
6903 7703
3400 2728
9804 2066
5065 2912
8745 9077
8375 4658
164 842
3404 1657
3391 3446
4783 9418
5366 3605
2586 7220
5096 6354
5640 4387
6884 4006
2018 5343
9136 446
281 5537
4906 9321
9877 2579
8889 9067
6551 1892
1328 4589
7471 5189
3160 5220
9053 7618
6034 3677
8570 9583
6379 1117
289 6138
4879 2906
4383 931
4877 8704
9493 7409
1683 7192
2789 2674
6522 9092
9553 890
9017 7474
8355 7277
5047 8092
1357 4704
3442 9445
8625 9349
99 29
6506 7206
3263 6314
5850 397
2524 323
2852 7364
6524 5011
9954 5289
8229 8518
6775 4338
3471 7048
4629 2972
3437 3984
1466 6837
7689 8206
9731 9341
3337 8106
4829 2231
1119 9143
5417 4591
523 8632
7490 6318
7307 4466
6635 8678
5419 1735
1601 1728
9832 7583
5393 1674
7192 712
4843 5041
964 6798
7357 314
5300 305
5362 1307
6873 8544
2904 8973
2609 1716
7532 9229
5943 8010
250 9515
4040 5431
9987 3744
939 2273
1121 6723
5513 8482
7370 9134
6914 8237
2911 9687
9702 3384
974 717
6161 8257
2731 1825
5240 312
4097 3280
373 808
1255 6524
6707 6908
5269 9547
9391 1887
5587 1135
3968 5187
3203 1597
9933 1193
1106 6493
3420 5169
7018 938
9457 7555
9573 4451
449 9655
5571 1256
781 1139
5803 7050
7129 9645
4403 9367
4889 5345
175 149
3193 1412
6375 1930
4982 1174
8724 5667
3971 4971
7953 9980
4666 1244
2884 1484
6824 2360
4427 3548
6615 4239
8734 46
6094 5033
2283 4237
9142 4274
1530 905
524 8210
57 8540
2508 7174
8357 6369
4930 6578
7256 5945
7959 3097
3506 1742
2173 6832
8388 2753
3614 404
4768 1930
7668 3763
6685 977
8778 9920
908 2127
752 247
1721 4985
6363 1500
3177 4994
8281 4826
1006 1889
6965 8903
2160 1620
8790 5448
9675 4292
1021 2249
5357 3540
2992 1516
5926 7346
9254 859
8386 9364
7190 341
741 9435
5842 8405
2759 2675
6852 6116
7513 6080
8898 2058
2025 160
7010 4988
9690 5970
3136 1976
6554 5896
5521 8660
8355 9125
5261 1076
5226 482
2012 2587
5260 3282
3636 5186
8330 3561
6740 1896
7952 3925
7807 4880
7332 468
7253 8384
6520 7372
2771 8911
9917 5469
47 8116
1981 9788
9905 6877
8717 4506
6210 5591
9823 279
7684 3856
3301 3211
2363 2498
2005 9007
1326 9849
7708 3777
9992 2158
6720 8363
3003 2102
2767 3649
7197 3872
3480 3946
5616 6630
8924 912
7051 3108
6051 9529
3557 5143
5064 4897
7431 4103
145 706
4260 2965
1815 4357
9250 191
2412 3117
2831 2800
8391 8241
1452 2462
3476 8076
8802 7041
8634 5219
4816 7066
8999 621
8488 5347
5465 891
666 5329
336 7273
1472 6664
42 8642
5589 3170
5067 9661
2989 4434
3781 6695
5412 1968
5783 8886
4553 5039
9748 4498
1932 64
6487 1662
2806 2726
8507 3276
9025 1385
4178 2966
6710 4202
2791 1083
105 1024
411 2091
4045 3838
3310 2117
7401 9804
1822 5568
843 9172
2177 127
7163 8419
3124 1357
7563 3315
9739 5562
3244 262
6277 9562
1356 6681
2128 3052
7033 5598
9604 701
388 8563
1542 1734
5963 7336
782 8061
2633 8226
1091 2804
6261 3574
9572 8425
2124 2267
7672 4985
1742 2339
6355 4695
4719 6976
4649 2485
7197 6418
8833 2203
504 366
2769 5290
21 4552
1605 9521
205 4079
5586 7777
3352 8464
4988 5788
6841 1851
3064 5602
1974 4432
715 9691
684 6167
5589 3880
5314 1837
1700 1721
8405 1129
7213 6963
2176 2306
7280 4668
9498 6517
8037 2134
1155 5485
5931 4761
3728 3873
7803 2053
8359 1457
9135 2288
2152 4435
4436 8060
2297 1824
7920 5648
9797 588
8447 991
6228 6950
7310 8246
4375 5501
277 6506
2165 4994
3322 2576
8104 2822
3438 5283
1188 7768
2941 4637
7858 6829
2756 6269
1997 8688
1175 8995
690 4568
4321 3960
7312 7882
3125 8894
4922 9936
5180 7012
9168 7685
46 5366
146 7884
4607 4457
1632 6851
6962 2137
6986 9125
654 496
4707 7153
6330 3722
4123 3045
5429 234
3295 4197
5237 3737
5595 4064
8637 2592
8551 8109
736 7748
4536 7525
4317 2652
6534 5232
1773 5892
566 8314
527 3183
1766 6410
1606 6744
6442 722
1190 2569
2655 4778
6638 6779
9417 7995
8514 5732
3452 6185
5604 2739
4699 9859
2370 3011
1379 8619
3226 666
7280 5003
2472 4310
7860 7290
3005 5614
2081 2257
9584 1633
1898 6962
1478 6969
6665 829
2622 2328
1060 7426
1465 7477
6251 4157
5743 2971
2717 6119
9113 4602
9859 9834
8084 8249
3458 3640
1147 1136
3607 2161
4892 5669
2738 9445
254 8303
7304 7504
106 7404
7752 7465
7109 3713
8999 7129
7781 6214
7025 786
118 8983
5397 2427
9339 9714
1965 7233
6954 1636
6518 7404
1439 532
9368 7862
6181 4000
9410 4288
2183 7576
6832 3179
4031 6799
5028 4256
2589 7618
9849 8725
5188 102
7394 3266
9518 5963
6872 6138
933 4452
2825 6680
0 6955
5470 1869
2748 6793
9624 5135
4380 4614
7024 6676
8844 7422
9850 6668
7678 6798
7371 1376
1612 7662
6848 947
3503 4575
2562 1947
2016 3139
247 4181
990 2828
9022 3024
3650 121
499 2245
3698 2848
9971 9702
2655 962
8216 4387
9192 5650
7032 6572
4126 4719
9212 2323
2166 3195
1618 2240
1967 9774
1367 9841
5023 8697
4517 6290
5777 1107
1404 2620
2990 9163
7108 159
2809 2078
737 3011
4329 6717
5874 463
2455 7134
8387 4072
2964 2163
4697 6530
3125 8191
4863 878
7425 5147
4003 7394
4185 5166
5677 9772
4 7889
5582 3884
8968 9819
6803 1454
8166 7214
772 3398
5067 6806
5786 1809
1211 5518
6602 2234
4913 7244
2470 2799
9946 9876
4539 2552
5495 3417
6803 7490
5292 6569
6167 7974
5475 3271
4172 365
4937 4673
7139 2949
8752 2526
5161 8648
433 6767
4657 6704
8553 3236
3544 4031
6449 4593
8065 2195
2073 6201
961 6006
6666 9264
5333 2684
8551 74
7032 4914
8846 8144
3280 9263
9042 5490
391 3781
7921 6386
1477 9150
3559 4756
6180 8556
1347 7494
5548 6826
1077 8750
8619 1975
896 3376
5554 9807
9911 5477
5036 3441
3592 6510
5797 5532
7908 8607
2429 8171
5811 6585
6925 5733
8590 9261
9437 9947
7039 8192
8014 4426
4024 9695
1888 3739
6470 9615
7681 6283
5615 6004
5339 2464
7797 841
8570 6264
724 453
7414 2738
3749 9307
6591 8762
9889 2766
3573 3392
8209 1724
193 2559
9206 5593
9719 4653
1668 6519
2251 1331
3063 8880
7153 7726
887 6318
2344 8262
1197 8137
2050 6011
820 5547
2898 4940
5908 8664
3733 2346
7696 6947
8438 7650
5834 9310
496 9433
4666 3128
7666 5838
6871 140
1304 4034
6874 6879
9983 8179
5896 8108
1041 8390
9110 8484
3882 7138
6594 7472
2068 1980
125 7910
8 3604
4672 9685
928 4525
7308 4618
1890 1884
9858 105
4271 9780
3483 1777
9556 5059
4227 5256
2584 9707
4204 6824
4181 8949
1469 8819
6655 1855
217 5813
8872 8474
4805 1445
2547 1305
5593 8609
9663 5843
2221 8760
5053 1555
903 9691
7599 7159
1788 9768
7933 2261
1878 8855
777 8482
4814 3358
6280 4435
7595 3407
9588 4164
2630 9341
7947 4917
4623 1332
2915 8098
3223 4689
5 1668
9588 343
865 757
1465 3856
5895 4976
2252 952
7724 2165
1576 9919
3672 8182
2791 4283
5269 9765
8619 1613
9747 5560
5405 6582
780 9268
2320 8530
697 4635
2763 725
859 2091
8734 283
3643 8191
6339 4527
8056 1506
7942 6011
7429 2324
4514 2473
8418 9617
219 8391
5429 7696
1490 7456
5683 5289
2011 2130
408 5547
798 1921
9615 1899
671 5289
2107 4758
1316 6782
86 9757
7176 5411
6503 8236
9689 1183
3181 2102
1433 8232
8382 7563
5569 6052
9600 6275
1146 6912
3283 3142
921 7643
9068 6404
326 6409
4526 8202
7751 907
2887 9167
3775 241
7915 8455
376 8109
4995 7519
9104 4795
2800 6944
5106 7643
2497 6192
3105 8369
9580 7585
3439 4621
4337 1389
5946 4296
9821 5346
3892 1036
1895 3398
1559 7460
1325 1008
8896 1041
9992 7774
596 2970
5585 827
7837 844
3348 3862
2181 2747
9839 5702
67 1386
7063 8107
844 1749
8078 8810
6664 7300
3866 7524
6397 9064
2540 9226
5184 1425
7492 2432
633 9867
9708 2874
3220 75
6229 2980
8381 4058
7617 1526
4317 3389
740 4968
8681 9214
6343 8255
7905 2526
5064 9642
2691 3268
6137 2801
5603 3839
4176 6599
8163 9132
5412 148
3405 3525
3836 9612
270 4115
4737 7880
6598 2983
7960 7736
1121 6821
2482 6974
557 4243
8326 9650
4096 7939
2759 679
3109 2865
4380 1949
9263 7257
6723 7523
7065 8414
4564 6707
7455 8260
349 7406
7151 6114
1037 11
6834 9108
3776 5851
4612 5788
8397 80
8621 7225
1119 5486
3075 8205
8393 9425
4591 245
2627 4678
1364 8733
7775 943
1350 2846
3757 6481
2258 9855
5424 6918
1390 3665
4332 9584
7607 2872
5868 345
5765 151
1706 8136
2 1075
9735 9117
8595 3541
1824 981
9484 7650
926 7911
5932 5071
6856 5421
5648 9123
7112 9879
6211 6414
2915 1811
3670 6223
2228 8062
3528 3303
1626 4989
8756 1926
6962 2592
9841 2738
7584 6025
7218 6433
396 1285
586 2023
5318 3214
5654 756
6988 9362
104 7990
8111 2347
9689 151
8248 506
1246 2886
8940 1996
1331 7188
4549 385
0 1059
7124 2659
4478 6101
713 3686
5784 1160
7874 5086
3147 3422
4231 441
3753 3041
7606 6646
3568 8345
2718 894
1143 4178
5233 2754
5853 3241
5150 5273
9033 8544
5792 9148
9492 8710
3701 4423
88 9092
8881 6353
6445 7690
6375 406
9201 5094
8714 2768
6464 3586
7217 9157
7807 6249
6990 1034
6201 9373
6538 8730
9713 3214
6507 8241
1152 6974
3164 1038
6896 6035
3798 2602
4183 4152
2999 727
4602 2665
4089 3685
9760 1410
647 4992
7525 2203
9390 5742
7460 6156
7712 4640
2839 5562
8459 8302
3397 6404
1378 8672
3611 6817
9206 8897
5520 7893
7802 3752
2325 1041
1241 7520
8851 7545
1628 285
8403 7784
3196 5346
9052 3005
3469 4103
5625 7101
7067 8617
3236 7977
2977 5386
2946 8011
8919 2683
3947 7295
3670 744
3520 2829
8578 5672
9391 1785
9487 1657
5955 4276
2453 8869
5929 762
3512 1325
1372 2024
8792 6357
5541 9179
5799 8417
8450 7557
1996 5248
4464 2268
4655 6486
8106 1165
4925 8573
4924 2344
3371 9088
8905 4294
3160 5189
938 3891
919 3439
8134 2553
7801 464
8258 6809
5577 8001
5818 4850
1973 928
5230 6079
5180 1803
3254 6683
4743 3537
7391 3162
385 5723
6242 9802
8442 2181
4343 5114
3110 718
8175 9323
1431 2373
2541 5428
3394 1136
5532 6135
7023 9152
261 8137
965 2985
1644 3763
3481 9987
8403 7304
6588 4882
6653 2392
815 5136
1340 2733
885 2481
9657 969
253 5537
5431 4820
474 1859
9842 5629
2541 5904
4546 4195
8186 6716
9752 420
7305 975
2467 3686
8881 6414
1686 3300
8210 5621
3466 4606
7904 1080
3706 9432
6779 1389
2569 9030
1837 6887
7287 2035
3110 6355
3996 3762
5112 7372
663 433
4395 9674
800 834
5012 8817
591 3083
7799 9913
3866 8874
877 3369
5632 3333
7950 8964
5766 6142
2962 9743
6631 2605
419 8916
2287 8923
3722 1297
1548 8561
9025 6023
5991 973
302 9650
8622 8170
2622 294
8438 7167
1525 2397
335 829
2293 7710
3828 825
3058 4526
7683 4091
2715 5613
588 2692
9529 2297
8292 5599
8940 7126
3060 2506
9585 3200
9014 5960
4162 1479
3494 4673
9830 8597
183 7259
6105 1862
5439 7802
487 2160
8110 4839
2164 6032
9078 2949
8325 5695
295 5970
3662 1685
1279 5249
2273 5279
141 2139
5803 316
3759 2010
4581 9470
6300 6801
7207 8700
5107 1425
9726 8394
5229 6757
3900 2588
6439 4667
8699 1339
8768 190
4775 9312
511 3845
9276 2159
7844 7020
8030 6622
4967 5425
8460 540
8925 1171
7755 6624
8292 8079
6595 7731
9101 9824
2300 2134
5217 6153
2524 9771
3558 9153
3541 4812
4952 1105
2571 541
4954 2787
2990 4986
3509 3012
1489 790
6925 3263
8238 6542
898 8647
3999 481
8892 2330
9829 6472
4380 4371
7273 5979
2623 3807
1054 9923
1653 6938
3192 3481
1162 7375
7675 9320
2937 8837
6276 4824
1691 9917
9197 8597
493 2929
6052 8255
6658 7083
2499 726
4485 7768
5917 5335
6801 2238
8843 6815
3596 9670
6435 7064
2905 967
8357 3179
8155 3974
1263 609
3039 414
3158 4822
169 7017
3673 2473
4245 8943
2312 8244
4642 6164
2682 4459
3486 8398
101 8551
8426 8326
1287 119
5715 2067
2484 9918
5044 2480
1847 7787
9665 2364
7303 1773
6223 2673
9802 5796
3999 3960
6264 8483
4904 6953
540 4966
3201 3670
8937 6509
7517 6020
5094 3397
5778 6461
2413 3207
8844 1160
8569 8875
9195 3464
2407 8097
4799 2637
8974 9082
1761 182
8232 2878
5971 5621
8552 2304
266 1199
8879 4987
407 7676
3538 9273
8513 672
816 8859
9592 6360
5999 3283
8444 3277
4000 388
7868 6394
6959 6277
1453 3524
71 3614
809 5366
6054 5414
1063 4699
1192 171
2308 4954
581 3492
2452 3267
3379 5623
2921 576
7648 1346
1550 3368
732 3009
2087 8397
2874 8306
9112 6420
8864 5835
7584 110
8334 5903
4044 57
9102 1693
8927 8164
3528 6482
2797 1160
5035 2241
927 7177
9693 6557
5430 5452
4348 5993
8148 971
4619 4639
9214 5926
9950 7325
121 8295
2179 7046
8094 7272
6970 4786
7198 7077
4476 6479
9816 6482
9097 3049
9560 6410
3004 89
453 9673
3656 74
4052 3222
9518 8585
4458 5321
9460 1154
8582 8847
6923 3845
1621 9976
9474 8581
5506 2132
8242 832
9314 2768
9387 6434
9263 7219
3331 8995
1052 6034
4533 3639
1186 258
1557 2340
7705 8293
9082 5441
7157 46
5980 7032
1485 72
3464 2641
9730 4109
8374 9121
1282 739
4089 5797
3325 463
4678 8323
5463 8769
7252 6418
2075 2855
5194 2925
9828 6541
4241 4201
5241 5182
1794 599
6330 7259
8688 8765
2784 9961
9707 4627
5605 6713
2650 1265
3002 6732
9577 417
4898 5878
8294 1395
2636 7228
1322 1419
6567 5029
9926 5604
3073 7718
3920 1681
9495 7918
2043 8745
6826 1047
8676 5341
2407 3403
8293 7807
3453 9837
1097 805
1559 5262
3346 67
3171 9619
4756 1273
5524 1973
7812 1512
2496 9927
7708 7211
2132 7135
5210 3448
7003 2768
4748 8749
2068 1864
3013 8439
5146 1738
5996 2144
2177 1292
4102 2263
9137 3262
654 9009
3708 9890
6244 6808
1346 3989
1405 2947
5327 1276
7317 8825
4463 9549
7015 2511
9135 1234
3167 304
7679 2808
3167 284
830 6091
5312 7634
8155 9857
6878 5317
2961 8120
732 7023
4794 9681
1950 3659
9008 7147
5492 24
9630 6623
6967 1368
3891 7599
939 3750
9775 6042
5639 2855
1084 9175
5559 5427
6534 8985
8101 3977
2746 8930
2345 9110
7702 9642
3189 9498
5730 8175
3019 6618
272 1259
1127 5362
7249 4778
9789 2617
4131 8243
3915 3924
4866 4606
9458 7074
8327 1591
5396 9585
5188 6056
4167 8317
7896 4224
3727 2982
7407 7296
2068 271
7271 9084
8731 7044
3059 1891
8211 9620
7710 1046
96